stop, 14.5908883, 120.9777422, #ff9900
stop, 14.5903821, 120.9805888, #ff9900
stop, 14.5904281, 120.9838256, #ff9900
stop, 14.5911082, 120.9866466, #ff9900
stop, 14.5916717, 120.9896264, #ff9900
stop, 14.5901858, 120.9933929, #ff9900
stop, 14.5912448, 120.9961237, #ff9900
stop, 14.5910035, 120.9985937, #ff9900
stop, 14.5934834, 120.9774908, #ff9900
stop, 14.594447, 120.9804789, #ff9900
stop, 14.5943894, 120.9809799, #ff9900
stop, 14.5928165, 120.9873078, #ff9900
stop, 14.5926058, 120.9896903, #ff9900
stop, 14.5936636, 120.9928966, #ff9900
stop, 14.5960679, 120.9959623, #ff9900
stop, 14.5932586, 121.0014992, #ff9900
stop, 14.5969378, 120.9774221, #ff9900
stop, 14.5982462, 120.9806272, #ff9900
stop, 14.5973613, 120.9840159, #ff9900
stop, 14.5977291, 120.9867484, #ff9900
stop, 14.59724, 120.9896115, #ff9900
stop, 14.5965878, 120.9922512, #ff9900
stop, 14.5975074, 120.9963578, #ff9900
stop, 14.5976113, 120.9994531, #ff9900
stop, 14.6004125, 120.9771595, #ff9900
stop, 14.6002634, 120.9807067, #ff9900
stop, 14.6000367, 120.9834573, #ff9900
stop, 14.6007698, 120.9867456, #ff9900
stop, 14.6002926, 120.9909603, #ff9900
stop, 14.6014054, 120.993528, #ff9900
stop, 14.6007069, 120.9965967, #ff9900
stop, 14.6004792, 120.9995917, #ff9900
stop, 14.6036303, 120.977556, #ff9900
stop, 14.6038312, 120.9805564, #ff9900
stop, 14.6035365, 120.9837038, #ff9900
stop, 14.6027974, 120.9873176, #ff9900
stop, 14.6027964, 120.9904027, #ff9900
stop, 14.6033327, 120.9931118, #ff9900
stop, 14.6037436, 120.9963505, #ff9900
stop, 14.6044394, 120.9990092, #ff9900
stop, 14.6062324, 120.977365, #ff9900
stop, 14.60666, 120.980375, #ff9900
stop, 14.606515, 120.9839475, #ff9900
stop, 14.6065489, 120.9870492, #ff9900
stop, 14.607088, 120.9900704, #ff9900
stop, 14.6069852, 120.9932463, #ff9900
stop, 14.6064018, 120.9959297, #ff9900
stop, 14.606127, 120.9999168, #ff9900
stop, 14.6100447, 120.9772729, #ff9900
stop, 14.6098216, 120.9806615, #ff9900
route, [[14.5934834,120.9774908],[14.5924591,120.9763741],[14.5915971,120.9771932],[14.5908883,120.9777422]]
route, [[14.5903821,120.9805888],[14.5895234,120.978896],[14.5898292,120.9789272],[14.591483,120.9784348],[14.5908883,120.9777422]]
route, [[14.5908883,120.9777422],[14.5915971,120.9771932],[14.592357,120.97804],[14.5934834,120.9774908],[14.593895,120.9784795],[14.5923497,120.9798514],[14.5903821,120.9805888],[14.5904196,120.9808121],[14.5904154,120.9820224],[14.5904281,120.9838256],[14.5887171,120.9846378],[14.5880269,120.9849135],[14.5846782,120.9864353],[14.5832457,120.9871277],[14.5836249,120.9881907],[14.5839625,120.989077],[14.5842672,120.9899112],[14.5847742,120.9915406],[14.5850413,120.9923661],[14.5853606,120.9933047],[14.5854099,120.9936266],[14.5854992,120.9938149],[14.5855504,120.9938777],[14.5857311,120.9940519],[14.587055,120.9951472],[14.5872788,120.9953463],[14.588881,120.9967685],[14.5906599,120.9982974],[14.5910035,120.9985937],[14.5918723,120.999343],[14.5912448,120.9961237]]
route, [[14.5908883,120.9777422],[14.5915971,120.9771932],[14.592357,120.97804],[14.5934834,120.9774908],[14.593895,120.9784795],[14.5923497,120.9798514],[14.5903821,120.9805888],[14.5904196,120.9808121],[14.5904154,120.9820224],[14.5904281,120.9838256],[14.5887171,120.9846378],[14.5880269,120.9849135],[14.5846782,120.9864353],[14.5832457,120.9871277],[14.5836249,120.9881907],[14.5839625,120.989077],[14.5842672,120.9899112],[14.5847742,120.9915406],[14.5850413,120.9923661],[14.5853606,120.9933047],[14.5854099,120.9936266],[14.5854992,120.9938149],[14.5855504,120.9938777],[14.5857311,120.9940519],[14.587055,120.9951472],[14.5872788,120.9953463],[14.588881,120.9967685],[14.5906599,120.9982974],[14.5910035,120.9985937]]
route, [[14.5903821,120.9805888],[14.5904196,120.9808121],[14.5914562,120.9804975],[14.5921661,120.9802963],[14.594447,120.9804789]]
route, [[14.5911082,120.9866466],[14.5911635,120.98651],[14.592121,120.9870001],[14.5924429,120.9871678],[14.5924904,120.9870959],[14.5922268,120.9869488],[14.5901817,120.9857237],[14.5904281,120.9838256],[14.5904154,120.9820224],[14.5904196,120.9808121],[14.5903821,120.9805888]]
route, [[14.5903821,120.9805888],[14.5904196,120.9808121],[14.5904154,120.9820224],[14.5904281,120.9838256],[14.5887171,120.9846378],[14.5880269,120.9849135],[14.5846782,120.9864353],[14.5832457,120.9871277],[14.5836249,120.9881907],[14.5839625,120.989077],[14.5842672,120.9899112],[14.5847742,120.9915406],[14.5850413,120.9923661],[14.5853606,120.9933047],[14.5854099,120.9936266],[14.5854992,120.9938149],[14.5855504,120.9938777],[14.5857311,120.9940519],[14.587055,120.9951472],[14.5872788,120.9953463],[14.588881,120.9967685],[14.5906599,120.9982974],[14.5910035,120.9985937],[14.5918723,120.999343],[14.5912448,120.9961237]]
route, [[14.5910035,120.9985937],[14.5906599,120.9982974],[14.588881,120.9967685],[14.5872788,120.9953463],[14.587055,120.9951472],[14.5858298,120.9940201],[14.5856503,120.9938238],[14.5856017,120.9937478],[14.5853606,120.9933047],[14.5850413,120.9923661],[14.5847742,120.9915406],[14.5842672,120.9899112],[14.5839625,120.989077],[14.5836249,120.9881907],[14.588211,120.9866909],[14.5885713,120.986579],[14.5892433,120.9863718],[14.5896438,120.9862329],[14.5901817,120.9857237],[14.5904281,120.9838256],[14.5904154,120.9820224],[14.5904196,120.9808121],[14.5903821,120.9805888]]
route, [[14.5928165,120.9873078],[14.5924904,120.9870959],[14.5922268,120.9869488],[14.5901817,120.9857237],[14.5911635,120.98651],[14.5911082,120.9866466]]
route, [[14.5911082,120.9866466],[14.5911635,120.98651],[14.592121,120.9870001],[14.592305,120.9875078],[14.5922473,120.9884031],[14.5921716,120.9896609],[14.5916717,120.9896264]]
route, [[14.5911082,120.9866466],[14.5911635,120.98651],[14.592121,120.9870001],[14.592305,120.9875078],[14.5922473,120.9884031],[14.5926999,120.9884356],[14.5926058,120.9896903],[14.5965168,120.9896153],[14.5965396,120.9912351],[14.5965878,120.9922512],[14.5967092,120.9947485],[14.5968696,120.9948233],[14.597127,120.9949974],[14.597965,120.9963894],[14.5981349,120.9965621],[14.5981827,120.9966153],[14.598747,120.9972499],[14.5994882,120.9979906],[14.5999759,120.9986098],[14.6004365,120.9991381],[14.6004792,120.9995917],[14.5988082,121.0003892],[14.5984728,121.0005638],[14.598133,121.000833],[14.5932586,121.0014992],[14.5928572,121.0015345],[14.5918723,120.999343],[14.5912448,120.9961237]]
route, [[14.5944363,120.9892746],[14.5957188,120.9891499],[14.5960441,120.9893511],[14.5965168,120.9896153],[14.5926058,120.9896903],[14.5921716,120.9896609],[14.5916717,120.9896264]]
route, [[14.5916717,120.9896264],[14.5921716,120.9896609],[14.5926058,120.9896903],[14.5965168,120.9896153],[14.5965396,120.9912351],[14.5965878,120.9922512],[14.5967092,120.9947485],[14.5968696,120.9948233],[14.597127,120.9949974],[14.597965,120.9963894],[14.5981349,120.9965621],[14.5981827,120.9966153],[14.598747,120.9972499],[14.5994882,120.9979906],[14.5999759,120.9986098],[14.6004365,120.9991381],[14.6004792,120.9995917],[14.5988082,121.0003892],[14.5984728,121.0005638],[14.598133,121.000833],[14.5932586,121.0014992],[14.5928572,121.0015345],[14.5918723,120.999343],[14.5912448,120.9961237]]
route, [[14.5901858,120.9933929],[14.585976,120.9937533],[14.5856017,120.9937478],[14.5853606,120.9933047],[14.5850413,120.9923661],[14.5847742,120.9915406],[14.5842672,120.9899112],[14.5839625,120.989077],[14.5836249,120.9881907],[14.588211,120.9866909],[14.5885713,120.986579],[14.5892433,120.9863718],[14.5896438,120.9862329],[14.5901817,120.9857237],[14.5911635,120.98651],[14.592121,120.9870001],[14.592305,120.9875078],[14.5922473,120.9884031],[14.5921716,120.9896609],[14.5927419,120.992418],[14.5928595,120.9926483],[14.5933599,120.9930756],[14.5936636,120.9928966]]
route, [[14.5910035,120.9985937],[14.5918723,120.999343],[14.5912448,120.9961237]]
route, [[14.5912448,120.9961237],[14.5918723,120.999343],[14.5928572,121.0015345],[14.5928837,121.0017088],[14.5932951,121.0016526],[14.5981986,121.0009409],[14.5985623,121.00077],[14.5996033,121.0002417],[14.5999367,121.0000926],[14.6008485,120.9996231],[14.6009966,120.9995488],[14.6007574,120.9994505],[14.6004365,120.9991381],[14.5999759,120.9986098],[14.5994882,120.9979906],[14.598747,120.9972499],[14.5981827,120.9966153],[14.5981349,120.9965621],[14.597965,120.9963894],[14.597127,120.9949974],[14.5963848,120.9956736],[14.5960679,120.9959623]]
route, [[14.5951159,121.0013125],[14.5932586,121.0014992],[14.5928572,121.0015345],[14.5918723,120.999343],[14.5910035,120.9985937]]
route, [[14.5969378,120.9774221],[14.5975775,120.9770621],[14.5972169,120.9763792],[14.5970574,120.9762795],[14.5970561,120.9764696],[14.5966874,120.9767931],[14.5948768,120.9778407],[14.5946537,120.9779678],[14.5944759,120.9780877],[14.593895,120.9784795],[14.5934834,120.9774908]]
route, [[14.5934834,120.9774908],[14.593895,120.9784795],[14.5923497,120.9798514],[14.5903821,120.9805888],[14.5904196,120.9808121],[14.5904154,120.9820224],[14.5904281,120.9838256],[14.5887171,120.9846378],[14.5895572,120.9852255],[14.5901817,120.9857237],[14.5911635,120.98651],[14.592121,120.9870001],[14.5924429,120.9871678],[14.5927751,120.9873785],[14.5928165,120.9873078]]
route, [[14.5928165,120.9873078],[14.5924904,120.9870959],[14.5922268,120.9869488],[14.5901817,120.9857237],[14.5904281,120.9838256],[14.5904154,120.9820224],[14.59151,120.9818747],[14.5943894,120.9809799],[14.594447,120.9804789]]
route, [[14.5944363,120.9892746],[14.5957188,120.9891499],[14.5957587,120.9890886],[14.5928165,120.9873078],[14.5924904,120.9870959],[14.5922268,120.9869488],[14.5901817,120.9857237],[14.5904281,120.9838256],[14.5904154,120.9820224],[14.59151,120.9818747],[14.5943894,120.9809799],[14.594447,120.9804789]]
route, [[14.5960679,120.9959623],[14.5963848,120.9956736],[14.597127,120.9949974],[14.5968696,120.9948233],[14.5967092,120.9947485],[14.5965878,120.9922512],[14.5965396,120.9912351],[14.5965168,120.9896153],[14.5926058,120.9896903],[14.5926999,120.9884356],[14.5927751,120.9873785],[14.5928165,120.9873078],[14.5924904,120.9870959],[14.5922268,120.9869488],[14.5901817,120.9857237],[14.5904281,120.9838256],[14.5904154,120.9820224],[14.59151,120.9818747],[14.5943894,120.9809799],[14.594447,120.9804789]]
route, [[14.594447,120.9804789],[14.5943894,120.9809799],[14.59151,120.9818747],[14.5914562,120.9804975],[14.5921661,120.9802963],[14.5982488,120.9807001],[14.5982462,120.9806272]]
route, [[14.5977291,120.9867484],[14.5973201,120.9895456],[14.5965264,120.9895274],[14.5960778,120.9892598],[14.5957587,120.9890886],[14.5928165,120.9873078]]
route, [[14.5944363,120.9892746],[14.5957188,120.9891499],[14.5960441,120.9893511],[14.5965168,120.9896153],[14.59724,120.9896115]]
route, [[14.5936636,120.9928966],[14.5933599,120.9930756],[14.5942868,120.9935147],[14.5948415,120.9937818],[14.5967092,120.9947485],[14.5968696,120.9948233],[14.5976553,120.9939772],[14.5978129,120.9937966]]
route, [[14.5960679,120.9959623],[14.5963848,120.9956736],[14.597127,120.9949974],[14.597965,120.9963894],[14.5975074,120.9963578]]
route, [[14.5976113,120.9994531],[14.5984728,121.0005638],[14.598133,121.000833],[14.5932586,121.0014992],[14.5951159,121.0013125]]
route, [[14.6004125,120.9771595],[14.5997521,120.9770498],[14.5992644,120.9779764],[14.5991718,120.9787336],[14.5988903,120.9783282],[14.5987163,120.9780463],[14.5983989,120.9775269],[14.5979588,120.9768369],[14.5975775,120.9770621],[14.5969378,120.9774221]]
route, [[14.5982462,120.9806272],[14.5982488,120.9807001],[14.5984341,120.980721],[14.599012,120.981396],[14.599836,120.9815148],[14.6005232,120.9816297],[14.6005358,120.9815398],[14.6002634,120.9807067]]
route, [[14.5973613,120.9840159],[14.5979859,120.9840927],[14.5988346,120.9842561],[14.6006455,120.9846198],[14.6013385,120.9847614],[14.604594,120.9854161],[14.6058763,120.9856772],[14.6058618,120.9857327],[14.6051341,120.9868643],[14.604872,120.9857251],[14.6046051,120.9852908],[14.6013675,120.9846399],[14.6006427,120.9844931],[14.5995259,120.9842633],[14.5996095,120.9834292],[14.6000367,120.9834573],[14.6006371,120.983477]]
route, [[14.6006945,120.9869814],[14.6007698,120.9867456],[14.60068,120.9857496],[14.6006548,120.9850453],[14.5982429,120.9858825],[14.5984732,120.9864702],[14.5977291,120.9867484]]
route, [[14.5977291,120.9867484],[14.5973201,120.9895456],[14.5965264,120.9895274],[14.5965168,120.9896153],[14.5965396,120.9912351],[14.5965878,120.9922512],[14.5967092,120.9947485],[14.5968696,120.9948233],[14.597127,120.9949974],[14.597965,120.9963894],[14.5975074,120.9963578]]
route, [[14.59724,120.9896115],[14.5990543,120.9903574],[14.6002926,120.9909603],[14.6004354,120.9910488],[14.600341,120.9908649]]
route, [[14.59724,120.9896115],[14.5979312,120.9917133],[14.5965878,120.9922512],[14.5967092,120.9947485],[14.5968696,120.9948233],[14.597127,120.9949974],[14.597965,120.9963894],[14.5975074,120.9963578]]
route, [[14.5976113,120.9994531],[14.5984728,121.0005638],[14.5969266,121.001458],[14.5973125,121.0013886],[14.597801,121.0012045],[14.5982901,121.0009843],[14.5985623,121.00077],[14.5996033,121.0002417],[14.5999367,121.0000926],[14.6008485,120.9996231],[14.6009966,120.9995488],[14.6007574,120.9994505],[14.6004365,120.9991381],[14.5999759,120.9986098],[14.5994882,120.9979906],[14.598747,120.9972499],[14.5981827,120.9966153],[14.5981349,120.9965621],[14.597965,120.9963894],[14.597127,120.9949974],[14.5968696,120.9948233],[14.5967092,120.9947485],[14.5965878,120.9922512],[14.5979312,120.9917133],[14.59724,120.9896115]]
route, [[14.5978129,120.9937966],[14.5983442,120.9932254],[14.6004354,120.9910488],[14.6006189,120.9912352],[14.6027964,120.9904027],[14.6029253,120.9908374],[14.6030353,120.9913035],[14.6033327,120.9931118],[14.6029739,120.9930824],[14.6020666,120.9935135],[14.6018453,120.9936159],[14.6015942,120.9935809],[14.6014054,120.993528]]
route, [[14.5975074,120.9963578],[14.597965,120.9963894],[14.5981349,120.9965621],[14.5981827,120.9966153],[14.598747,120.9972499],[14.5994882,120.9979906],[14.5999759,120.9986098],[14.6004365,120.9991381],[14.6007574,120.9994505],[14.6008485,120.9996231],[14.6009966,120.9995488],[14.6009212,120.9993543],[14.6011783,120.9986213],[14.6010727,120.9980214],[14.6008567,120.9970886],[14.6007069,120.9965967],[14.6006797,120.9958383]]
route, [[14.6004792,120.9995917],[14.5988082,121.0003892],[14.5984728,121.0005638],[14.5976113,120.9994531]]
route, [[14.6036303,120.977556],[14.6017885,120.9773185],[14.6013902,120.9772673],[14.6007331,120.9772019],[14.6004125,120.9771595]]
route, [[14.6004125,120.9771595],[14.6007331,120.9772019],[14.600568,120.9780197],[14.6004688,120.9784659],[14.6014465,120.9786472],[14.6013104,120.9791848],[14.6012134,120.9795678],[14.6006825,120.9800049],[14.600872,120.9803996],[14.6009447,120.9816099],[14.6009355,120.9817086],[14.6008987,120.9820425],[14.6006371,120.983477],[14.6024283,120.9836151],[14.6033951,120.9836896],[14.6031725,120.9848541],[14.6029883,120.9852347],[14.6027895,120.9856445],[14.6025936,120.9860617],[14.6019925,120.9857717],[14.6007698,120.9867456],[14.6006945,120.9869814]]
route, [[14.6002634,120.9807067],[14.600872,120.9803996],[14.6012934,120.9802346],[14.6025303,120.9807365],[14.6026389,120.9807698],[14.6027964,120.9803151],[14.6029859,120.9797482],[14.603998,120.9800518],[14.6038312,120.9805564]]
route, [[14.6006371,120.983477],[14.6024283,120.9836151],[14.6033951,120.9836896],[14.6035365,120.9837038]]
route, [[14.6027974,120.9873176],[14.6022472,120.9871801],[14.6021263,120.9871506],[14.602098,120.987216],[14.6006945,120.9869814]]
route, [[14.600341,120.9908649],[14.6002926,120.9909603],[14.6004354,120.9910488],[14.6006189,120.9912352],[14.6027964,120.9904027],[14.6042973,120.9898029]]
route, [[14.6014054,120.993528],[14.6015945,120.992653],[14.6018995,120.9927413],[14.6029739,120.9930824],[14.6033327,120.9931118]]
route, [[14.6006797,120.9958383],[14.600942,120.9959319],[14.6016119,120.9960332],[14.6016128,120.9962666],[14.6020504,120.9978081],[14.6036904,120.9973911],[14.6033498,120.996713],[14.6037436,120.9963505]]
route, [[14.6044394,120.9990092],[14.6019499,121.0000639],[14.6013161,121.0003164],[14.6009966,120.9995488],[14.6007574,120.9994505],[14.6004792,120.9995917]]
route, [[14.6063808,120.9770993],[14.6062324,120.977365],[14.6053511,120.9769318],[14.6052292,120.9768683],[14.6046804,120.9766062],[14.604002,120.9763963],[14.6037687,120.9770628],[14.6036303,120.977556]]
route, [[14.6038312,120.9805564],[14.6027964,120.9803151],[14.6029859,120.9797482],[14.603212,120.9790576],[14.6036775,120.9792213],[14.6042274,120.9794444],[14.6044327,120.9793194],[14.6054666,120.9794987],[14.6053331,120.9801991],[14.60666,120.980375]]
route, [[14.6035365,120.9837038],[14.6036568,120.9829027],[14.6037185,120.9825058],[14.6051391,120.9828137],[14.606492,120.9829728],[14.6066784,120.9829877],[14.606515,120.9839475]]
route, [[14.6065489,120.9870492],[14.605456,120.9881113],[14.6054044,120.9880306],[14.6052512,120.9879207],[14.6044873,120.9877336],[14.6027974,120.9873176]]
route, [[14.6042973,120.9898029],[14.6047305,120.9896418],[14.6050337,120.9899933],[14.6060863,120.9889619],[14.6065949,120.9895247],[14.607088,120.9900704]]
route, [[14.6033327,120.9931118],[14.6039027,120.9931455],[14.6043925,120.9936733],[14.6046413,120.9939414],[14.6048974,120.9942233],[14.6059588,120.9932056],[14.6069852,120.9932463]]
route, [[14.6037436,120.9963505],[14.6045505,120.9956014],[14.6053937,120.994783],[14.6056301,120.9950552],[14.6058739,120.995333],[14.6061023,120.9955834],[14.6064018,120.9959297]]
route, [[14.606127,120.9999168],[14.6054237,121.0005982],[14.605223,121.0002916],[14.6049769,120.9999977],[14.6047354,120.9996742],[14.6044394,120.9990092]]
route, [[14.6100447,120.9772729],[14.6100986,120.9768102],[14.6091408,120.9766083],[14.6081744,120.9764654],[14.6081688,120.9769431],[14.6077508,120.9781881],[14.6062324,120.977365],[14.6053511,120.9769318],[14.6054775,120.9766154],[14.6063808,120.9770993]]
route, [[14.60666,120.980375],[14.6078895,120.9804922],[14.6088548,120.9805716],[14.6098216,120.9806615]]
route, [[14.606515,120.9839475],[14.6066784,120.9829877],[14.6076842,120.9830817],[14.6077122,120.9826582],[14.6087078,120.9827116],[14.6087272,120.9822936],[14.6097009,120.9823668],[14.6097101,120.9823097],[14.6097775,120.9812894],[14.6098216,120.9806615]]
route, [[14.607088,120.9900704],[14.6075895,120.9906254],[14.6078411,120.9908976],[14.6080984,120.9911886],[14.6085624,120.991701],[14.6090602,120.992253],[14.609608,120.9928461],[14.609695,120.9929388],[14.6097924,120.9928448],[14.609709,120.9927546],[14.6066775,120.9894438],[14.6064115,120.9891575],[14.606155,120.9888767],[14.6059321,120.9886326],[14.6056967,120.9883748],[14.605456,120.9881113],[14.6065489,120.9870492]]
route, [[14.6069852,120.9932463],[14.607479,120.9932569],[14.60802,120.9932685],[14.6090602,120.992253],[14.609608,120.9928461],[14.609695,120.9929388],[14.6097924,120.9928448],[14.609709,120.9927546],[14.6066775,120.9894438],[14.6064115,120.9891575],[14.606155,120.9888767],[14.6059321,120.9886326],[14.6056967,120.9883748],[14.605456,120.9881113],[14.6065489,120.9870492]]
route, [[14.607088,120.9900704],[14.6075895,120.9906254],[14.6078411,120.9908976],[14.6080984,120.9911886],[14.6085624,120.991701],[14.6090602,120.992253],[14.60802,120.9932685],[14.6085553,120.9938528],[14.6074727,120.9948776],[14.6064018,120.9959297]]
route, [[14.6064018,120.9959297],[14.6055673,120.9966911],[14.6047081,120.9974215],[14.6041127,120.9977707],[14.6038825,120.9978003],[14.6021742,120.9986704],[14.6022877,120.9989117],[14.6039861,120.9980225],[14.6041173,120.9983301],[14.6044394,120.9990092],[14.6047354,120.9996742],[14.6049769,120.9999977],[14.605223,121.0002916],[14.6059036,120.9996799],[14.606127,120.9999168]]
route, [[14.6098216,120.9806615],[14.6110234,120.9807499],[14.6109414,120.9802727],[14.6093768,120.9793655],[14.6088044,120.9789749],[14.6077508,120.9781881],[14.6081688,120.9769431],[14.6091005,120.9770893],[14.6100447,120.9772729]]
