stop, 14.6676249, 121.0433121, #ff9900
stop, 14.6676528, 121.0465812, #ff9900
stop, 14.6676088, 121.0491532, #ff9900
stop, 14.6683106, 121.0524895, #ff9900
stop, 14.6682141, 121.0555483, #ff9900
stop, 14.6678278, 121.0584248, #ff9900
stop, 14.6686139, 121.0624474, #ff9900
stop, 14.6682454, 121.0659267, #ff9900
stop, 14.671139, 121.0429491, #ff9900
stop, 14.6708589, 121.047303, #ff9900
stop, 14.6708513, 121.0496208, #ff9900
stop, 14.6709231, 121.0517673, #ff9900
stop, 14.6712961, 121.0560928, #ff9900
stop, 14.6709874, 121.0584757, #ff9900
stop, 14.6712389, 121.0612899, #ff9900
stop, 14.6708941, 121.0652229, #ff9900
stop, 14.6745113, 121.0424767, #ff9900
stop, 14.6741421, 121.0463218, #ff9900
stop, 14.6742456, 121.0489107, #ff9900
stop, 14.6744753, 121.0521093, #ff9900
stop, 14.6736078, 121.0552128, #ff9900
stop, 14.6734184, 121.0572388, #ff9900
stop, 14.6734419, 121.0615946, #ff9900
stop, 14.6745376, 121.065248, #ff9900
stop, 14.6771857, 121.0432174, #ff9900
stop, 14.6772327, 121.0460998, #ff9900
stop, 14.6773384, 121.0494764, #ff9900
stop, 14.6769831, 121.0526735, #ff9900
stop, 14.6790284, 121.0546669, #ff9900
stop, 14.6773558, 121.0621601, #ff9900
stop, 14.6773558, 121.0621601, #ff9900
stop, 14.6767704, 121.0646557, #ff9900
stop, 14.6809478, 121.0430509, #ff9900
stop, 14.6804822, 121.0466544, #ff9900
stop, 14.6796541, 121.0500777, #ff9900
stop, 14.6797848, 121.0522436, #ff9900
stop, 14.6809447, 121.0552689, #ff9900
stop, 14.681182, 121.0574743, #ff9900
stop, 14.6802452, 121.063088, #ff9900
stop, 14.680688, 121.0649701, #ff9900
stop, 14.6842454, 121.0426533, #ff9900
stop, 14.683607, 121.0465844, #ff9900
stop, 14.6835612, 121.0494984, #ff9900
stop, 14.6826453, 121.0517168, #ff9900
stop, 14.6829408, 121.0555084, #ff9900
stop, 14.6833421, 121.0586118, #ff9900
stop, 14.683155, 121.0636905, #ff9900
stop, 14.6831181, 121.0654317, #ff9900
stop, 14.6864933, 121.0430241, #ff9900
stop, 14.686412, 121.0465854, #ff9900
route, [[14.6676249,121.0433121],[14.668632,121.0433776],[14.6718954,121.0434725],[14.6720374,121.0434817],[14.6723137,121.0434995],[14.6736674,121.0435915],[14.6760991,121.0437383],[14.6761366,121.0436009],[14.6763107,121.0428176],[14.6745113,121.0424767]]
route, [[14.6676249,121.0433121],[14.6681411,121.0456932],[14.6676528,121.0465812]]
route, [[14.6676249,121.0433121],[14.668632,121.0433776],[14.6718954,121.0434725],[14.6720445,121.0441838],[14.6723734,121.0456407],[14.6728962,121.0479455],[14.6732993,121.0491],[14.6720669,121.0504312],[14.6715273,121.0510755],[14.6694888,121.0502979],[14.6695055,121.0510003],[14.6690863,121.0528907],[14.6687297,121.0526589],[14.6683106,121.0524895]]
route, [[14.6676528,121.0465812],[14.6681411,121.0456932],[14.6676249,121.0433121],[14.668632,121.0433776],[14.6718954,121.0434725],[14.6720445,121.0441838],[14.6723734,121.0456407],[14.6728962,121.0479455],[14.6732993,121.0491],[14.6720669,121.0504312],[14.671468,121.0493526],[14.6708513,121.0496208]]
route, [[14.6676088,121.0491532],[14.6694888,121.0502979],[14.6695055,121.0510003],[14.6690863,121.0528907],[14.6695983,121.053261],[14.6691728,121.0539141],[14.6689019,121.0543495],[14.6682141,121.0555483]]
route, [[14.671139,121.0429491],[14.6709378,121.041933],[14.6708094,121.041388],[14.6713741,121.0412001],[14.6718105,121.0430754],[14.6718687,121.0433415],[14.6718954,121.0434725],[14.6720445,121.0441838],[14.6723734,121.0456407],[14.6728962,121.0479455],[14.6732993,121.0491],[14.6720669,121.0504312],[14.6715273,121.0510755],[14.6694888,121.0502979],[14.6676088,121.0491532]]
route, [[14.6676088,121.0491532],[14.6677659,121.0484241],[14.6680909,121.0485418],[14.6692753,121.0488003],[14.6703705,121.048214],[14.670975,121.0478895],[14.6708589,121.047303]]
route, [[14.6676088,121.0491532],[14.6694888,121.0502979],[14.6715273,121.0510755],[14.6709231,121.0517673],[14.671549,121.0527426]]
route, [[14.6676088,121.0491532],[14.6694888,121.0502979],[14.6715273,121.0510755],[14.6720669,121.0504312],[14.6732993,121.0491],[14.6735911,121.0510393],[14.6737912,121.0533966],[14.6737688,121.0537191],[14.6736078,121.0552128],[14.6732903,121.0572073],[14.6726828,121.0614799],[14.6719281,121.0613843],[14.6709874,121.0584757]]
route, [[14.6745113,121.0424767],[14.6763107,121.0428176],[14.6761366,121.0436009],[14.6760991,121.0437383],[14.6754187,121.0455447],[14.6745198,121.0469098],[14.6734642,121.0489357],[14.67341,121.0489897],[14.673018,121.0479051],[14.6728962,121.0479455],[14.6732993,121.0491],[14.6720669,121.0504312],[14.6715273,121.0510755],[14.6694888,121.0502979],[14.6676088,121.0491532]]
route, [[14.6683106,121.0524895],[14.6687297,121.0526589],[14.6690863,121.0528907],[14.6695983,121.053261],[14.6709231,121.0517673],[14.671549,121.0527426],[14.6714435,121.0537676],[14.6721159,121.0537477],[14.6728485,121.0537259],[14.6737688,121.0537191],[14.6736078,121.0552128],[14.6732903,121.0572073],[14.6726828,121.0614799],[14.6719461,121.0663705],[14.6715573,121.0685191],[14.6708857,121.0685223],[14.6708863,121.0686324],[14.6715516,121.0686293],[14.6718827,121.0686316],[14.6726632,121.0688702],[14.674281,121.0691818],[14.676233,121.0692605],[14.6775879,121.0693281],[14.6795392,121.0692542],[14.6813333,121.0696235],[14.6812969,121.068576],[14.6807302,121.0685465],[14.680688,121.0649701]]
route, [[14.6712961,121.0560928],[14.6722213,121.0563368],[14.6721419,121.0566165],[14.6720793,121.0569634],[14.6728593,121.0571178],[14.6732903,121.0572073],[14.6734184,121.0572388],[14.6737527,121.0552346],[14.6739071,121.0536087],[14.673728,121.0510269],[14.6735911,121.0510393],[14.6729088,121.0512803],[14.6724747,121.0516853],[14.671549,121.0527426],[14.6709231,121.0517673],[14.6695983,121.053261],[14.6690863,121.0528907],[14.6687297,121.0526589],[14.6683106,121.0524895]]
route, [[14.6683106,121.0524895],[14.6687297,121.0526589],[14.6690863,121.0528907],[14.6695983,121.053261],[14.6709231,121.0517673],[14.671549,121.0527426],[14.6714435,121.0537676],[14.6721159,121.0537477],[14.6728485,121.0537259],[14.6737688,121.0537191],[14.6736078,121.0552128],[14.6732903,121.0572073],[14.6726828,121.0614799],[14.6719461,121.0663705],[14.6715573,121.0685191],[14.6708857,121.0685223],[14.6708863,121.0686324],[14.6715516,121.0686293],[14.6718827,121.0686316],[14.6726632,121.0688702],[14.674281,121.0691818],[14.676233,121.0692605],[14.6761594,121.068546],[14.676763,121.068017],[14.6767777,121.067568],[14.6767703,121.067008],[14.6767704,121.0646557],[14.676903,121.0646596],[14.6773449,121.0646727],[14.6773558,121.0621601]]
route, [[14.6683106,121.0524895],[14.6687297,121.0526589],[14.6690863,121.0528907],[14.6695983,121.053261],[14.6691728,121.0539141],[14.6689019,121.0543495],[14.6682141,121.0555483],[14.6678717,121.0565323],[14.6667779,121.0611282],[14.6686879,121.0607381],[14.6681073,121.0599669],[14.6681213,121.0592148],[14.6682284,121.0585517],[14.6678278,121.0584248]]
route, [[14.6682141,121.0555483],[14.6689019,121.0543495],[14.6691728,121.0539141],[14.6695983,121.053261],[14.6709231,121.0517673],[14.671549,121.0527426],[14.6714435,121.0537676],[14.6721159,121.0537477],[14.6728485,121.0537259],[14.6737688,121.0537191],[14.6736078,121.0552128],[14.6732903,121.0572073],[14.6726828,121.0614799],[14.6719461,121.0663705],[14.6715573,121.0685191],[14.6708857,121.0685223],[14.6708863,121.0686324],[14.6715516,121.0686293],[14.6718827,121.0686316],[14.6726632,121.0688702],[14.674281,121.0691818],[14.676233,121.0692605],[14.6761594,121.068546],[14.676763,121.068017],[14.6767777,121.067568],[14.6767703,121.067008],[14.6767704,121.0646557],[14.676903,121.0646596],[14.6773449,121.0646727],[14.6773558,121.0621601]]
route, [[14.6682141,121.0555483],[14.6689019,121.0543495],[14.6691728,121.0539141],[14.6695983,121.053261],[14.6709231,121.0517673],[14.671549,121.0527426]]
route, [[14.6709874,121.0584757],[14.6719281,121.0613843],[14.6718119,121.0621225],[14.6694205,121.0631524],[14.6695036,121.0640708],[14.6699685,121.06456],[14.6698523,121.0652124],[14.6690923,121.0652229],[14.6682454,121.0659267],[14.6676309,121.0658923],[14.6686139,121.0624474],[14.6698334,121.0604579],[14.6686879,121.0607381],[14.6667779,121.0611282],[14.6678717,121.0565323],[14.6682141,121.0555483]]
route, [[14.6682141,121.0555483],[14.6678717,121.0565323],[14.6667779,121.0611282],[14.6686879,121.0607381],[14.6698334,121.0604579],[14.6686139,121.0624474]]
route, [[14.6678278,121.0584248],[14.6682284,121.0585517],[14.6681213,121.0592148],[14.6681073,121.0599669],[14.6686879,121.0607381],[14.6667779,121.0611282],[14.6678717,121.0565323],[14.6682141,121.0555483],[14.6689019,121.0543495],[14.6691728,121.0539141],[14.6695983,121.053261],[14.6709231,121.0517673],[14.671549,121.0527426],[14.6714435,121.0537676],[14.6721159,121.0537477],[14.6728485,121.0537259],[14.6737688,121.0537191],[14.6736078,121.0552128],[14.6732903,121.0572073],[14.6728593,121.0571178],[14.6720793,121.0569634],[14.6721419,121.0566165],[14.6722213,121.0563368],[14.6712961,121.0560928]]
route, [[14.6678278,121.0584248],[14.6682284,121.0585517],[14.6681213,121.0592148],[14.669832,121.0599046],[14.6698334,121.0604579],[14.6686139,121.0624474],[14.6676309,121.0658923],[14.6682454,121.0659267],[14.6690923,121.0652229],[14.6698523,121.0652124],[14.6699685,121.06456],[14.6695036,121.0640708],[14.6694205,121.0631524],[14.6718119,121.0621225],[14.6719281,121.0613843],[14.6712389,121.0612899]]
route, [[14.6708941,121.0652229],[14.6698523,121.0652124],[14.6690923,121.0652229],[14.6682454,121.0659267],[14.6676309,121.0658923],[14.6686139,121.0624474],[14.6698334,121.0604579],[14.669832,121.0599046],[14.6681213,121.0592148],[14.6682284,121.0585517],[14.6678278,121.0584248]]
route, [[14.6686139,121.0624474],[14.6676309,121.0658923],[14.6682454,121.0659267],[14.6690923,121.0652229],[14.6698523,121.0652124],[14.6699685,121.06456],[14.6695036,121.0640708],[14.6694205,121.0631524],[14.6718119,121.0621225],[14.6719281,121.0613843],[14.6709874,121.0584757]]
route, [[14.6686139,121.0624474],[14.6676309,121.0658923]]
route, [[14.6686139,121.0624474],[14.667523,121.0627938],[14.6657248,121.0635199],[14.6667779,121.0611282],[14.6678717,121.0565323],[14.6682141,121.0555483],[14.6689019,121.0543495],[14.6691728,121.0539141],[14.6695983,121.053261],[14.6709231,121.0517673],[14.6715273,121.0510755],[14.6720669,121.0504312],[14.6732993,121.0491],[14.6735911,121.0510393],[14.673728,121.0510269],[14.67341,121.0489897],[14.6734642,121.0489357],[14.6742456,121.0489107],[14.6748066,121.0488681],[14.6752269,121.0488779],[14.6753291,121.0490135],[14.6755365,121.049743],[14.67663,121.0502648],[14.6766326,121.0509281],[14.6769477,121.0509332],[14.6789237,121.0513135],[14.6794767,121.0520075],[14.6787662,121.0534118],[14.6789109,121.0534831],[14.6792322,121.0539847],[14.6792438,121.0540039],[14.679537,121.0539434],[14.6820918,121.0545672],[14.6824925,121.0551341],[14.6829408,121.0555084],[14.6821021,121.0564326],[14.6831888,121.057805],[14.6833421,121.0586118]]
route, [[14.6708941,121.0652229],[14.6698523,121.0652124],[14.6690923,121.0652229],[14.6682454,121.0659267],[14.6676309,121.0658923],[14.6686139,121.0624474]]
route, [[14.6676309,121.0658923],[14.6682454,121.0659267],[14.6690923,121.0652229],[14.6698523,121.0652124],[14.6699685,121.06456],[14.6695036,121.0640708],[14.6694205,121.0631524],[14.6718119,121.0621225],[14.6719281,121.0613843],[14.6726828,121.0614799],[14.6719461,121.0663705],[14.6715573,121.0685191],[14.6708857,121.0685223],[14.6708863,121.0686324],[14.6715516,121.0686293],[14.6718827,121.0686316],[14.6726632,121.0688702],[14.674281,121.0691818],[14.6742746,121.06831],[14.6745437,121.0675141],[14.6752805,121.067651],[14.6752955,121.066389],[14.6752673,121.0652163],[14.6745376,121.065248]]
route, [[14.671139,121.0429491],[14.6709378,121.041933],[14.6708094,121.041388],[14.6713741,121.0412001],[14.6715237,121.0411736],[14.671992,121.0410731],[14.6727124,121.0414169],[14.6731781,121.0415618],[14.6732765,121.0418838],[14.6733802,121.0424194],[14.6745113,121.0424767]]
route, [[14.6708589,121.047303],[14.670975,121.0478895],[14.671468,121.0493526],[14.6720669,121.0504312],[14.6732993,121.0491],[14.6735911,121.0510393],[14.673728,121.0510269],[14.67341,121.0489897],[14.673018,121.0479051],[14.6724745,121.0454707],[14.6721716,121.0441382],[14.6721127,121.0437862],[14.6720374,121.0434817],[14.6720022,121.0433466],[14.6719674,121.0431638],[14.6715237,121.0411736],[14.6713741,121.0412001],[14.6708094,121.041388],[14.6709378,121.041933],[14.671139,121.0429491]]
route, [[14.671139,121.0429491],[14.6709378,121.041933],[14.6708094,121.041388],[14.6713741,121.0412001],[14.6718105,121.0430754],[14.6718687,121.0433415],[14.6718954,121.0434725],[14.6720374,121.0434817],[14.6723137,121.0434995],[14.6736674,121.0435915],[14.6760991,121.0437383],[14.6754187,121.0455447],[14.6745198,121.0469098],[14.6734642,121.0489357],[14.6742456,121.0489107],[14.6748066,121.0488681],[14.6752269,121.0488779],[14.6753291,121.0490135],[14.6755365,121.049743],[14.67663,121.0502648],[14.6772821,121.0501341],[14.6773384,121.0494764]]
route, [[14.6741421,121.0463218],[14.6734945,121.0453922],[14.6731861,121.0450237],[14.6724745,121.0454707],[14.6723734,121.0456407],[14.6728962,121.0479455],[14.6732993,121.0491],[14.6720669,121.0504312],[14.671468,121.0493526],[14.670975,121.0478895],[14.6708589,121.047303]]
route, [[14.6708513,121.0496208],[14.671468,121.0493526],[14.6720669,121.0504312],[14.6732993,121.0491],[14.6735911,121.0510393],[14.673728,121.0510269],[14.67341,121.0489897],[14.6734642,121.0489357],[14.6742456,121.0489107]]
route, [[14.671549,121.0527426],[14.6724747,121.0516853],[14.6729088,121.0512803],[14.6735911,121.0510393],[14.673728,121.0510269],[14.6745247,121.0513832],[14.6744753,121.0521093]]
route, [[14.6737527,121.0552346],[14.6736078,121.0552128],[14.6732903,121.0572073],[14.6728593,121.0571178],[14.6720793,121.0569634],[14.6721419,121.0566165],[14.6722213,121.0563368],[14.6712961,121.0560928]]
route, [[14.6734184,121.0572388],[14.6732903,121.0572073],[14.6726828,121.0614799],[14.6719281,121.0613843],[14.6709874,121.0584757]]
route, [[14.6712389,121.0612899],[14.6719281,121.0613843],[14.6726828,121.0614799],[14.6728135,121.0614962],[14.6734419,121.0615946]]
route, [[14.680688,121.0649701],[14.6807302,121.0685465],[14.6812969,121.068576],[14.6813333,121.0696235],[14.6795392,121.0692542],[14.6775879,121.0693281],[14.676233,121.0692605],[14.674281,121.0691818],[14.6726632,121.0688702],[14.6718827,121.0686316],[14.6719422,121.0674973],[14.6720805,121.0663914],[14.6728135,121.0614962],[14.6726828,121.0614799],[14.6719281,121.0613843],[14.6718119,121.0621225],[14.6694205,121.0631524],[14.6695036,121.0640708],[14.6699685,121.06456],[14.6698523,121.0652124],[14.6708941,121.0652229]]
route, [[14.6745376,121.065248],[14.6752673,121.0652163],[14.6752955,121.066389],[14.6752805,121.067651],[14.6745437,121.0675141],[14.6742746,121.06831],[14.674281,121.0691818],[14.6726632,121.0688702],[14.6718827,121.0686316],[14.6719422,121.0674973],[14.6720805,121.0663914],[14.6728135,121.0614962],[14.6726828,121.0614799],[14.6719281,121.0613843],[14.6718119,121.0621225],[14.6694205,121.0631524],[14.6695036,121.0640708],[14.6699685,121.06456],[14.6698523,121.0652124],[14.6708941,121.0652229]]
route, [[14.6708941,121.0652229],[14.6698523,121.0652124],[14.6699685,121.06456],[14.6695036,121.0640708],[14.6694205,121.0631524],[14.6718119,121.0621225],[14.6719281,121.0613843],[14.6726828,121.0614799],[14.6719461,121.0663705],[14.6715573,121.0685191],[14.6708857,121.0685223],[14.6708863,121.0686324],[14.6715516,121.0686293],[14.6718827,121.0686316],[14.6726632,121.0688702],[14.674281,121.0691818],[14.676233,121.0692605],[14.6761594,121.068546],[14.676763,121.068017],[14.6767777,121.067568],[14.6767703,121.067008],[14.6767704,121.0646557],[14.676903,121.0646596],[14.6773449,121.0646727],[14.6773558,121.0621601]]
route, [[14.6773449,121.0646727],[14.676903,121.0646596],[14.6767704,121.0646557],[14.6767703,121.067008],[14.6767777,121.067568],[14.676763,121.068017],[14.6761594,121.068546],[14.676233,121.0692605],[14.674281,121.0691818],[14.6726632,121.0688702],[14.6718827,121.0686316],[14.6719422,121.0674973],[14.6720805,121.0663914],[14.6728135,121.0614962],[14.6726828,121.0614799],[14.6719281,121.0613843],[14.6718119,121.0621225],[14.6694205,121.0631524],[14.6695036,121.0640708],[14.6699685,121.06456],[14.6698523,121.0652124],[14.6708941,121.0652229]]
route, [[14.6745113,121.0424767],[14.6763107,121.0428176],[14.676371,121.0426112],[14.6765033,121.0419977],[14.6765293,121.041877],[14.6803341,121.0426662],[14.6809478,121.0430509],[14.6806279,121.0426086]]
route, [[14.6741421,121.0463218],[14.6734945,121.0453922],[14.6743138,121.044581],[14.6747148,121.044053],[14.6736807,121.0439028],[14.6736674,121.0435915],[14.6760991,121.0437383],[14.6761366,121.0436009],[14.6763107,121.0428176],[14.6745113,121.0424767]]
route, [[14.6745113,121.0424767],[14.6763107,121.0428176],[14.6761366,121.0436009],[14.6760991,121.0437383],[14.6754187,121.0455447],[14.6745198,121.0469098],[14.6762705,121.046665],[14.6766939,121.0463019],[14.6772327,121.0460998]]
route, [[14.6773384,121.0494764],[14.6772821,121.0501341],[14.67663,121.0502648],[14.6755365,121.049743],[14.6753291,121.0490135],[14.6752269,121.0488779],[14.6748066,121.0488681],[14.6742456,121.0489107],[14.6734642,121.0489357],[14.67341,121.0489897],[14.673018,121.0479051],[14.6724745,121.0454707],[14.6731861,121.0450237],[14.6734945,121.0453922],[14.6741421,121.0463218]]
route, [[14.6771857,121.0432174],[14.676371,121.0426112],[14.6763107,121.0428176],[14.6761366,121.0436009],[14.6760991,121.0437383],[14.6754187,121.0455447],[14.6745198,121.0469098],[14.6734642,121.0489357],[14.67341,121.0489897],[14.673018,121.0479051],[14.6724745,121.0454707],[14.6731861,121.0450237],[14.6734945,121.0453922],[14.6741421,121.0463218]]
route, [[14.6804822,121.0466544],[14.6791171,121.0462147],[14.67893,121.04606],[14.6772327,121.0460998],[14.6766939,121.0463019],[14.6762705,121.046665],[14.6745198,121.0469098],[14.6734642,121.0489357],[14.6742456,121.0489107]]
route, [[14.6769831,121.0526735],[14.6766707,121.0519918],[14.6770066,121.0514318],[14.6769477,121.0509332],[14.6766326,121.0509281],[14.67663,121.0502648],[14.6755365,121.049743],[14.6753291,121.0490135],[14.6752269,121.0488779],[14.6748066,121.0488681],[14.6742456,121.0489107]]
route, [[14.6742456,121.0489107],[14.6734642,121.0489357],[14.6745198,121.0469098],[14.6762705,121.046665],[14.6766939,121.0463019],[14.6772327,121.0460998]]
route, [[14.6864933,121.0430241],[14.6863316,121.0428624],[14.6855062,121.0437874],[14.6851768,121.043882],[14.6849605,121.0441107],[14.6834538,121.0455318],[14.6830337,121.0458952],[14.6826927,121.0462787],[14.6804822,121.0466544],[14.6791171,121.0462147],[14.67893,121.04606],[14.6772327,121.0460998],[14.6766939,121.0463019],[14.6762705,121.046665],[14.6745198,121.0469098],[14.6734642,121.0489357],[14.67341,121.0489897],[14.673018,121.0479051],[14.6728962,121.0479455],[14.6732993,121.0491],[14.6735911,121.0510393],[14.673728,121.0510269],[14.6745247,121.0513832],[14.6744753,121.0521093]]
route, [[14.6744753,121.0521093],[14.6745247,121.0513832],[14.673728,121.0510269],[14.67341,121.0489897],[14.6734642,121.0489357],[14.6742456,121.0489107],[14.6748066,121.0488681],[14.6752269,121.0488779],[14.6753291,121.0490135],[14.6755365,121.049743],[14.67663,121.0502648],[14.6772821,121.0501341],[14.6773384,121.0494764]]
route, [[14.6744753,121.0521093],[14.6745247,121.0513832],[14.673728,121.0510269],[14.67341,121.0489897],[14.6734642,121.0489357],[14.6742456,121.0489107],[14.6748066,121.0488681],[14.6752269,121.0488779],[14.6753291,121.0490135],[14.6755365,121.049743],[14.67663,121.0502648],[14.6766326,121.0509281],[14.6769477,121.0509332],[14.6789237,121.0513135],[14.6794767,121.0520075],[14.6787662,121.0534118],[14.6789109,121.0534831],[14.6792322,121.0539847],[14.6792438,121.0540039],[14.6793076,121.0541337],[14.6790284,121.0546669]]
route, [[14.6835612,121.0494984],[14.6833412,121.0495984],[14.6831689,121.0495016],[14.6834343,121.0488244],[14.6823705,121.0479989],[14.681408,121.0473569],[14.6804822,121.0466544],[14.6791171,121.0462147],[14.67893,121.04606],[14.6772327,121.0460998],[14.6766939,121.0463019],[14.6762705,121.046665],[14.6745198,121.0469098],[14.6734642,121.0489357],[14.67341,121.0489897],[14.673018,121.0479051],[14.6728962,121.0479455],[14.6732993,121.0491],[14.6735911,121.0510393],[14.6737912,121.0533966],[14.6737688,121.0537191],[14.6736078,121.0552128],[14.6737527,121.0552346]]
route, [[14.6769831,121.0526735],[14.6766707,121.0519918],[14.6770066,121.0514318],[14.6769477,121.0509332],[14.6766326,121.0509281],[14.67663,121.0502648],[14.6755365,121.049743],[14.6753291,121.0490135],[14.6752269,121.0488779],[14.6748066,121.0488681],[14.6742456,121.0489107],[14.6734642,121.0489357],[14.67341,121.0489897],[14.673018,121.0479051],[14.6728962,121.0479455],[14.6732993,121.0491],[14.6735911,121.0510393],[14.6737912,121.0533966],[14.6737688,121.0537191],[14.6736078,121.0552128],[14.6737527,121.0552346]]
route, [[14.6826453,121.0517168],[14.6830889,121.0498164],[14.6831689,121.0495016],[14.6834343,121.0488244],[14.6823705,121.0479989],[14.681408,121.0473569],[14.6804822,121.0466544],[14.6791171,121.0462147],[14.67893,121.04606],[14.6772327,121.0460998],[14.6766939,121.0463019],[14.6762705,121.046665],[14.6745198,121.0469098],[14.6734642,121.0489357],[14.67341,121.0489897],[14.673018,121.0479051],[14.6728962,121.0479455],[14.6732993,121.0491],[14.6735911,121.0510393],[14.6737912,121.0533966],[14.6737688,121.0537191],[14.6736078,121.0552128],[14.6732903,121.0572073],[14.6734184,121.0572388]]
route, [[14.6734184,121.0572388],[14.6737527,121.0552346],[14.6739071,121.0536087],[14.673728,121.0510269],[14.67341,121.0489897],[14.6734642,121.0489357],[14.6742456,121.0489107],[14.6748066,121.0488681],[14.6752269,121.0488779],[14.6753291,121.0490135],[14.6755365,121.049743],[14.67663,121.0502648],[14.6766326,121.0509281],[14.6769477,121.0509332],[14.6789237,121.0513135],[14.6794767,121.0520075],[14.6787662,121.0534118],[14.6789109,121.0534831],[14.6792322,121.0539847],[14.6792438,121.0540039],[14.6793076,121.0541337],[14.6790284,121.0546669]]
route, [[14.6734184,121.0572388],[14.6732903,121.0572073],[14.6726828,121.0614799],[14.6719461,121.0663705],[14.6715573,121.0685191],[14.6708857,121.0685223],[14.6708863,121.0686324],[14.6715516,121.0686293],[14.6718827,121.0686316],[14.6726632,121.0688702],[14.674281,121.0691818],[14.676233,121.0692605],[14.6761594,121.068546],[14.676763,121.068017],[14.6767777,121.067568],[14.6767703,121.067008],[14.6767704,121.0646557],[14.676903,121.0646596],[14.6773449,121.0646727],[14.6773558,121.0621601]]
route, [[14.680688,121.0649701],[14.6807302,121.0685465],[14.6812969,121.068576],[14.6813333,121.0696235],[14.6795392,121.0692542],[14.6775879,121.0693281],[14.676233,121.0692605],[14.674281,121.0691818],[14.6726632,121.0688702],[14.6718827,121.0686316],[14.6719422,121.0674973],[14.6720805,121.0663914],[14.6728135,121.0614962],[14.6734184,121.0572388]]
route, [[14.6734419,121.0615946],[14.6728135,121.0614962],[14.6726828,121.0614799],[14.6719461,121.0663705],[14.6715573,121.0685191],[14.6708857,121.0685223],[14.6708863,121.0686324],[14.6715516,121.0686293],[14.6718827,121.0686316],[14.6726632,121.0688702],[14.674281,121.0691818],[14.676233,121.0692605],[14.6761594,121.068546],[14.676763,121.068017],[14.6767777,121.067568],[14.6767703,121.067008],[14.6767704,121.0646557],[14.676903,121.0646596],[14.6773449,121.0646727],[14.6773558,121.0621601]]
route, [[14.6734419,121.0615946],[14.6728135,121.0614962],[14.6726828,121.0614799],[14.6719461,121.0663705],[14.6715573,121.0685191],[14.6708857,121.0685223],[14.6708863,121.0686324],[14.6715516,121.0686293],[14.6718827,121.0686316],[14.6726632,121.0688702],[14.674281,121.0691818],[14.6742746,121.06831],[14.6745437,121.0675141],[14.6752805,121.067651],[14.6752955,121.066389],[14.6752673,121.0652163],[14.6745376,121.065248]]
route, [[14.6806279,121.0426086],[14.6809478,121.0430509],[14.6803341,121.0426662],[14.6765293,121.041877],[14.6765033,121.0419977],[14.676371,121.0426112],[14.6771857,121.0432174]]
route, [[14.6771857,121.0432174],[14.676371,121.0426112],[14.6765033,121.0419977],[14.6765293,121.041877],[14.6803341,121.0426662],[14.6803336,121.0437802],[14.6809453,121.0438392],[14.6812156,121.0437867],[14.6834538,121.0455318],[14.6830337,121.0458952],[14.6826927,121.0462787],[14.6804822,121.0466544],[14.681408,121.0473569],[14.6823705,121.0479989],[14.6834343,121.0488244],[14.6831689,121.0495016],[14.6833412,121.0495984],[14.6835612,121.0494984]]
route, [[14.6771857,121.0432174],[14.676371,121.0426112],[14.6763107,121.0428176],[14.6761366,121.0436009],[14.6760991,121.0437383],[14.6754187,121.0455447],[14.6745198,121.0469098],[14.6762705,121.046665],[14.6766939,121.0463019],[14.6772327,121.0460998]]
route, [[14.6842454,121.0426533],[14.6850817,121.0429248],[14.6851768,121.043882],[14.6849605,121.0441107],[14.6834538,121.0455318],[14.6812156,121.0437867],[14.6809453,121.0438392],[14.6803336,121.0437802],[14.6803341,121.0426662],[14.6765293,121.041877],[14.6765033,121.0419977],[14.676371,121.0426112],[14.6771857,121.0432174]]
route, [[14.6772327,121.0460998],[14.67893,121.04606],[14.6791171,121.0462147],[14.6804822,121.0466544]]
route, [[14.6796541,121.0500777],[14.67954,121.0508363],[14.6789237,121.0513135],[14.6769477,121.0509332],[14.6766326,121.0509281],[14.67663,121.0502648],[14.6772821,121.0501341],[14.6773384,121.0494764]]
route, [[14.6797848,121.0522436],[14.6794767,121.0520075],[14.6789237,121.0513135],[14.6769477,121.0509332],[14.6770066,121.0514318],[14.6766707,121.0519918],[14.6769831,121.0526735]]
route, [[14.6790284,121.0546669],[14.6793076,121.0541337],[14.6792438,121.0540039],[14.679537,121.0539434],[14.6820918,121.0545672],[14.681233,121.0550683],[14.6809447,121.0552689]]
route, [[14.6773558,121.0621601],[14.6773449,121.0646727],[14.676903,121.0646596],[14.6767704,121.0646557],[14.6767703,121.067008],[14.6767777,121.067568],[14.676763,121.068017],[14.6761594,121.068546],[14.676233,121.0692605],[14.674281,121.0691818],[14.6726632,121.0688702],[14.6718827,121.0686316],[14.6719422,121.0674973],[14.6720805,121.0663914],[14.6728135,121.0614962],[14.6734184,121.0572388],[14.6737527,121.0552346],[14.6739071,121.0536087],[14.673728,121.0510269],[14.67341,121.0489897],[14.6734642,121.0489357],[14.6742456,121.0489107],[14.6748066,121.0488681],[14.6752269,121.0488779],[14.6753291,121.0490135],[14.6755365,121.049743],[14.67663,121.0502648],[14.6766326,121.0509281],[14.6769477,121.0509332],[14.6789237,121.0513135],[14.6794767,121.0520075],[14.6787662,121.0534118],[14.6789109,121.0534831],[14.6792322,121.0539847],[14.6792438,121.0540039],[14.679537,121.0539434],[14.6820918,121.0545672],[14.6824925,121.0551341],[14.6829408,121.0555084],[14.6821021,121.0564326],[14.681182,121.0574743]]
route, [[14.6802452,121.063088],[14.6801187,121.064543],[14.6801127,121.0649612],[14.6795753,121.0649594],[14.679384,121.0649588],[14.678904,121.0649446],[14.6783319,121.0649551],[14.6778026,121.064655],[14.6773449,121.0646727],[14.6773558,121.0621601]]
route, [[14.6773558,121.0621601],[14.6773449,121.0646727]]
route, [[14.6773449,121.0646727],[14.6778026,121.064655],[14.6783319,121.0649551],[14.678904,121.0649446],[14.679384,121.0649588],[14.6795753,121.0649594],[14.6801127,121.0649612],[14.680688,121.0649701]]
route, [[14.6773449,121.0646727],[14.676903,121.0646596],[14.6767704,121.0646557],[14.6767703,121.067008],[14.6767777,121.067568],[14.676763,121.068017],[14.6761594,121.068546],[14.676233,121.0692605],[14.674281,121.0691818],[14.6726632,121.0688702],[14.6718827,121.0686316],[14.6719422,121.0674973],[14.6720805,121.0663914],[14.6728135,121.0614962],[14.6734184,121.0572388],[14.6737527,121.0552346],[14.6739071,121.0536087],[14.673728,121.0510269],[14.67341,121.0489897],[14.6734642,121.0489357],[14.6742456,121.0489107],[14.6748066,121.0488681],[14.6752269,121.0488779],[14.6753291,121.0490135],[14.6755365,121.049743],[14.67663,121.0502648],[14.6766326,121.0509281],[14.6769477,121.0509332],[14.6789237,121.0513135],[14.6794767,121.0520075],[14.6787662,121.0534118],[14.6789109,121.0534831],[14.6792322,121.0539847],[14.6792438,121.0540039],[14.679537,121.0539434],[14.6820918,121.0545672],[14.6824925,121.0551341],[14.6829408,121.0555084],[14.6821021,121.0564326],[14.6831888,121.057805],[14.6833421,121.0586118]]
route, [[14.6806279,121.0426086],[14.6809478,121.0430509],[14.6803341,121.0426662],[14.6803336,121.0437802],[14.6809453,121.0438392],[14.6812156,121.0437867],[14.6834538,121.0455318],[14.6830337,121.0458952],[14.6826927,121.0462787],[14.683607,121.0465844]]
route, [[14.6804822,121.0466544],[14.6826927,121.0462787],[14.6830337,121.0458952],[14.6834538,121.0455318],[14.6812156,121.0437867],[14.6809453,121.0438392],[14.6803336,121.0437802],[14.6803341,121.0426662],[14.6809478,121.0430509],[14.6806279,121.0426086]]
route, [[14.6864933,121.0430241],[14.6863316,121.0428624],[14.6855062,121.0437874],[14.6851768,121.043882],[14.6849605,121.0441107],[14.6834538,121.0455318],[14.6812156,121.0437867],[14.6809453,121.0438392],[14.6803336,121.0437802],[14.6803341,121.0426662],[14.6809478,121.0430509],[14.6806279,121.0426086]]
route, [[14.6804822,121.0466544],[14.681408,121.0473569],[14.6823705,121.0479989],[14.6834343,121.0488244],[14.6831689,121.0495016],[14.6833412,121.0495984],[14.6835612,121.0494984]]
route, [[14.683607,121.0465844],[14.6826927,121.0462787],[14.6804822,121.0466544],[14.6791171,121.0462147],[14.67893,121.04606],[14.6772327,121.0460998],[14.6766939,121.0463019],[14.6762705,121.046665],[14.6745198,121.0469098],[14.6734642,121.0489357],[14.6742456,121.0489107],[14.6748066,121.0488681],[14.6752269,121.0488779],[14.6753291,121.0490135],[14.6755365,121.049743],[14.67663,121.0502648],[14.6766326,121.0509281],[14.6769477,121.0509332],[14.6789237,121.0513135],[14.67954,121.0508363],[14.6796541,121.0500777]]
route, [[14.6826453,121.0517168],[14.6830889,121.0498164],[14.6831689,121.0495016],[14.6834343,121.0488244],[14.6823705,121.0479989],[14.681408,121.0473569],[14.6804822,121.0466544],[14.6791171,121.0462147],[14.67893,121.04606],[14.6772327,121.0460998],[14.6766939,121.0463019],[14.6762705,121.046665],[14.6745198,121.0469098],[14.6734642,121.0489357],[14.6742456,121.0489107],[14.6748066,121.0488681],[14.6752269,121.0488779],[14.6753291,121.0490135],[14.6755365,121.049743],[14.67663,121.0502648],[14.6766326,121.0509281],[14.6769477,121.0509332],[14.6789237,121.0513135],[14.67954,121.0508363],[14.6796541,121.0500777]]
route, [[14.6864933,121.0430241],[14.6863316,121.0428624],[14.6855062,121.0437874],[14.6851768,121.043882],[14.6849605,121.0441107],[14.6834538,121.0455318],[14.6830337,121.0458952],[14.6826927,121.0462787],[14.6804822,121.0466544],[14.6791171,121.0462147],[14.67893,121.04606],[14.6772327,121.0460998],[14.6766939,121.0463019],[14.6762705,121.046665],[14.6745198,121.0469098],[14.6734642,121.0489357],[14.6742456,121.0489107],[14.6748066,121.0488681],[14.6752269,121.0488779],[14.6753291,121.0490135],[14.6755365,121.049743],[14.67663,121.0502648],[14.6766326,121.0509281],[14.6769477,121.0509332],[14.6789237,121.0513135],[14.6794767,121.0520075],[14.6797848,121.0522436]]
route, [[14.6797848,121.0522436],[14.6794767,121.0520075],[14.6789237,121.0513135],[14.6769477,121.0509332],[14.6766326,121.0509281],[14.67663,121.0502648],[14.6755365,121.049743],[14.6753291,121.0490135],[14.6752269,121.0488779],[14.6748066,121.0488681],[14.6742456,121.0489107],[14.6734642,121.0489357],[14.6745198,121.0469098],[14.6762705,121.046665],[14.6766939,121.0463019],[14.6772327,121.0460998],[14.67893,121.04606],[14.6791171,121.0462147],[14.6804822,121.0466544],[14.681408,121.0473569],[14.6823705,121.0479989],[14.6834343,121.0488244],[14.6831689,121.0495016],[14.6833412,121.0495984],[14.6835612,121.0494984]]
route, [[14.6829408,121.0555084],[14.6824925,121.0551341],[14.6820918,121.0545672],[14.679537,121.0539434],[14.6792438,121.0540039],[14.6792322,121.0539847],[14.6789109,121.0534831],[14.6787662,121.0534118],[14.6794767,121.0520075],[14.6797848,121.0522436]]
route, [[14.6809447,121.0552689],[14.681233,121.0550683],[14.6820918,121.0545672],[14.679537,121.0539434],[14.6792438,121.0540039],[14.6792322,121.0539847],[14.6789109,121.0534831],[14.6787662,121.0534118],[14.6794767,121.0520075],[14.6789237,121.0513135],[14.6769477,121.0509332],[14.6766326,121.0509281],[14.67663,121.0502648],[14.6755365,121.049743],[14.6753291,121.0490135],[14.6752269,121.0488779],[14.6748066,121.0488681],[14.6742456,121.0489107],[14.6734642,121.0489357],[14.6745198,121.0469098],[14.6762705,121.046665],[14.6766939,121.0463019],[14.6772327,121.0460998],[14.67893,121.04606],[14.6791171,121.0462147],[14.6804822,121.0466544],[14.681408,121.0473569],[14.6823705,121.0479989],[14.6834343,121.0488244],[14.6831689,121.0495016],[14.6830889,121.0498164],[14.6826453,121.0517168]]
route, [[14.6833421,121.0586118],[14.6831888,121.057805],[14.6821021,121.0564326],[14.6829408,121.0555084],[14.6824925,121.0551341],[14.6820918,121.0545672],[14.681233,121.0550683],[14.6809447,121.0552689]]
route, [[14.681182,121.0574743],[14.6821021,121.0564326],[14.6829408,121.0555084]]
route, [[14.6833421,121.0586118],[14.6831888,121.057805],[14.6821021,121.0564326],[14.6829408,121.0555084],[14.6824925,121.0551341],[14.6820918,121.0545672],[14.679537,121.0539434],[14.6792438,121.0540039],[14.6792322,121.0539847],[14.6789109,121.0534831],[14.6787662,121.0534118],[14.6794767,121.0520075],[14.6789237,121.0513135],[14.6769477,121.0509332],[14.6766326,121.0509281],[14.67663,121.0502648],[14.6755365,121.049743],[14.6753291,121.0490135],[14.6752269,121.0488779],[14.6748066,121.0488681],[14.6742456,121.0489107],[14.6734642,121.0489357],[14.67341,121.0489897],[14.673018,121.0479051],[14.6728962,121.0479455],[14.6732993,121.0491],[14.6735911,121.0510393],[14.6737912,121.0533966],[14.6737688,121.0537191],[14.6736078,121.0552128],[14.6732903,121.0572073],[14.6726828,121.0614799],[14.6719461,121.0663705],[14.6715573,121.0685191],[14.6708857,121.0685223],[14.6708863,121.0686324],[14.6715516,121.0686293],[14.6718827,121.0686316],[14.6726632,121.0688702],[14.674281,121.0691818],[14.676233,121.0692605],[14.6775879,121.0693281],[14.6795392,121.0692542],[14.6795305,121.0684803],[14.6801267,121.068495],[14.6801127,121.0649612],[14.6801187,121.064543],[14.6802452,121.063088]]
route, [[14.6802452,121.063088],[14.6801187,121.064543],[14.6801127,121.0649612],[14.680688,121.0649701]]
route, [[14.680688,121.0649701],[14.6807302,121.0685465],[14.6812969,121.068576],[14.6813333,121.0696235],[14.6817852,121.0696541],[14.6821705,121.069676],[14.6841278,121.0698405],[14.6853717,121.0699797],[14.6858499,121.069858],[14.686414,121.0698771],[14.6864194,121.0696328],[14.6864123,121.069272],[14.6864031,121.065593],[14.686409,121.0650167],[14.6863947,121.0648983],[14.683155,121.0636905]]
route, [[14.6842454,121.0426533],[14.6850817,121.0429248],[14.6851768,121.043882],[14.6849605,121.0441107],[14.6834538,121.0455318],[14.6830337,121.0458952],[14.6826927,121.0462787],[14.683607,121.0465844]]
route, [[14.6842454,121.0426533],[14.6850817,121.0429248],[14.6851768,121.043882],[14.6849605,121.0441107],[14.6834538,121.0455318],[14.6830337,121.0458952],[14.6826927,121.0462787],[14.6804822,121.0466544],[14.681408,121.0473569],[14.6823705,121.0479989],[14.6834343,121.0488244],[14.6831689,121.0495016],[14.6830889,121.0498164],[14.6826453,121.0517168]]
route, [[14.683607,121.0465844],[14.6826927,121.0462787],[14.6830337,121.0458952],[14.6834538,121.0455318],[14.6849605,121.0441107],[14.6851768,121.043882],[14.6855062,121.0437874],[14.6863316,121.0428624],[14.6864933,121.0430241]]
route, [[14.6835612,121.0494984],[14.6833412,121.0495984],[14.6831689,121.0495016],[14.6834343,121.0488244],[14.6823705,121.0479989],[14.681408,121.0473569],[14.6804822,121.0466544],[14.6826927,121.0462787],[14.683607,121.0465844],[14.6839245,121.0468486],[14.6845453,121.0464919],[14.686412,121.0465854]]
route, [[14.6826453,121.0517168],[14.6830889,121.0498164],[14.6831689,121.0495016],[14.6834343,121.0488244],[14.6823705,121.0479989],[14.681408,121.0473569],[14.6804822,121.0466544],[14.6791171,121.0462147],[14.67893,121.04606],[14.6772327,121.0460998],[14.6766939,121.0463019],[14.6762705,121.046665],[14.6745198,121.0469098],[14.6734642,121.0489357],[14.6742456,121.0489107],[14.6748066,121.0488681],[14.6752269,121.0488779],[14.6753291,121.0490135],[14.6755365,121.049743],[14.67663,121.0502648],[14.6766326,121.0509281],[14.6769477,121.0509332],[14.6789237,121.0513135],[14.6794767,121.0520075],[14.6787662,121.0534118],[14.6789109,121.0534831],[14.6792322,121.0539847],[14.6792438,121.0540039],[14.679537,121.0539434],[14.6820918,121.0545672],[14.6824925,121.0551341],[14.6829408,121.0555084],[14.6821021,121.0564326],[14.6831888,121.057805],[14.6833421,121.0586118]]
route, [[14.6864933,121.0430241],[14.6863316,121.0428624],[14.6855062,121.0437874],[14.6851768,121.043882],[14.6849605,121.0441107],[14.6834538,121.0455318],[14.6830337,121.0458952],[14.6826927,121.0462787],[14.6804822,121.0466544],[14.681408,121.0473569],[14.6823705,121.0479989],[14.6834343,121.0488244],[14.6831689,121.0495016],[14.6830889,121.0498164],[14.6826453,121.0517168]]
route, [[14.6829408,121.0555084],[14.6824925,121.0551341],[14.6820918,121.0545672],[14.679537,121.0539434],[14.6792438,121.0540039],[14.6792322,121.0539847],[14.6789109,121.0534831],[14.6787662,121.0534118],[14.6794767,121.0520075],[14.6789237,121.0513135],[14.6769477,121.0509332],[14.6766326,121.0509281],[14.67663,121.0502648],[14.6755365,121.049743],[14.6753291,121.0490135],[14.6752269,121.0488779],[14.6748066,121.0488681],[14.6742456,121.0489107],[14.6734642,121.0489357],[14.67341,121.0489897],[14.673018,121.0479051],[14.6728962,121.0479455],[14.6732993,121.0491],[14.6735911,121.0510393],[14.6737912,121.0533966],[14.6737688,121.0537191],[14.6736078,121.0552128],[14.6732903,121.0572073],[14.6726828,121.0614799],[14.6719461,121.0663705],[14.6715573,121.0685191],[14.6708857,121.0685223],[14.6708863,121.0686324],[14.6715516,121.0686293],[14.6718827,121.0686316],[14.6726632,121.0688702],[14.674281,121.0691818],[14.676233,121.0692605],[14.6775879,121.0693281],[14.6795392,121.0692542],[14.6813333,121.0696235],[14.6817852,121.0696541],[14.6821705,121.069676],[14.6841278,121.0698405],[14.6853717,121.0699797],[14.6858499,121.069858],[14.686414,121.0698771],[14.6864194,121.0696328],[14.6864123,121.069272],[14.6864031,121.065593],[14.686409,121.0650167],[14.6863947,121.0648983],[14.683155,121.0636905]]
route, [[14.683155,121.0636905],[14.6863947,121.0648983],[14.686409,121.0650167],[14.6864031,121.065593],[14.6864123,121.069272],[14.6864194,121.0696328],[14.686414,121.0698771],[14.6858499,121.069858],[14.6853717,121.0699797],[14.6841278,121.0698405],[14.6821705,121.069676],[14.6817852,121.0696541],[14.6818108,121.065372],[14.6822521,121.065412],[14.6831181,121.0654317],[14.6831181,121.065005]]
route, [[14.686412,121.0465854],[14.6845453,121.0464919],[14.6839245,121.0468486],[14.683607,121.0465844],[14.6826927,121.0462787],[14.6830337,121.0458952],[14.6834538,121.0455318],[14.6849605,121.0441107],[14.6851768,121.043882],[14.6855062,121.0437874],[14.6863316,121.0428624],[14.6864933,121.0430241]]
