stop, 14.469258, 121.0108817, #ff9900
stop, 14.4694902, 121.0145732, #ff9900
stop, 14.469646, 121.0175874, #ff9900
stop, 14.4705154, 121.0211646, #ff9900
stop, 14.4697015, 121.0236861, #ff9900
stop, 14.4696655, 121.0276388, #ff9900
stop, 14.470029, 121.0301418, #ff9900
stop, 14.4694487, 121.0302853, #ff9900
stop, 14.4730869, 121.0120155, #ff9900
stop, 14.4724425, 121.0151984, #ff9900
stop, 14.472592, 121.0173444, #ff9900
stop, 14.4735979, 121.0201305, #ff9900
stop, 14.4732267, 121.0237327, #ff9900
stop, 14.4731354, 121.0275335, #ff9900
stop, 14.4729999, 121.0303038, #ff9900
stop, 14.4729999, 121.0303038, #ff9900
stop, 14.4730869, 121.0120155, #ff9900
stop, 14.4744238, 121.0157295, #ff9900
stop, 14.4764152, 121.0175899, #ff9900
stop, 14.4763642, 121.0211681, #ff9900
stop, 14.476058, 121.0243783, #ff9900
stop, 14.4758913, 121.0272, #ff9900
stop, 14.476082, 121.029954, #ff9900
stop, 14.4774418, 121.0304639, #ff9900
stop, 14.4810654, 121.0128117, #ff9900
stop, 14.4796735, 121.0144114, #ff9900
stop, 14.479889, 121.0177273, #ff9900
stop, 14.4795643, 121.0202725, #ff9900
stop, 14.4796345, 121.02366, #ff9900
stop, 14.4789642, 121.0268711, #ff9900
stop, 14.4794954, 121.0306582, #ff9900
stop, 14.4791949, 121.030714, #ff9900
stop, 14.4833972, 121.0105896, #ff9900
stop, 14.4826649, 121.014925, #ff9900
stop, 14.4827977, 121.0184654, #ff9900
stop, 14.4833827, 121.0209633, #ff9900
stop, 14.4822274, 121.0241697, #ff9900
stop, 14.4832485, 121.0269845, #ff9900
stop, 14.4841904, 121.0299868, #ff9900
stop, 14.4834814, 121.0311986, #ff9900
stop, 14.4854719, 121.0116909, #ff9900
stop, 14.485551, 121.0143943, #ff9900
stop, 14.4856557, 121.0178961, #ff9900
stop, 14.4858002, 121.0218547, #ff9900
stop, 14.4857395, 121.0237955, #ff9900
stop, 14.4860397, 121.0268783, #ff9900
stop, 14.4858536, 121.0300163, #ff9900
stop, 14.4843963, 121.0315078, #ff9900
stop, 14.4854719, 121.0116909, #ff9900
stop, 14.4863686, 121.0147823, #ff9900
route, [[14.4730869,121.0120155],[14.4724004,121.0127303],[14.4725278,121.0124751],[14.469258,121.0108817]]
route, [[14.4695485,121.0144435],[14.4694902,121.0145732],[14.4692856,121.015028],[14.468892,121.0148039],[14.468495,121.0145858],[14.4680822,121.0143637],[14.4675121,121.0140735],[14.4679912,121.0131397],[14.4681242,121.0129008],[14.4683668,121.0124392],[14.4686547,121.0118835],[14.469258,121.0108817]]
route, [[14.469258,121.0108817],[14.4696137,121.0102972],[14.4708645,121.0082998],[14.4710625,121.0079847],[14.470969,121.0079061],[14.4685351,121.011818],[14.4679093,121.0130496],[14.4678853,121.0130969],[14.4675044,121.01387],[14.4674228,121.0140295],[14.4667921,121.0153269],[14.465676,121.0176429],[14.4655889,121.0178206],[14.4657451,121.0178145],[14.4659266,121.0174188],[14.4662113,121.0179544],[14.4652277,121.0199577],[14.4657696,121.0201575],[14.4663244,121.0210486],[14.4672076,121.0213492],[14.4686672,121.0218461],[14.4688862,121.0211907],[14.4703291,121.0216908],[14.4705154,121.0211646]]
route, [[14.469258,121.0108817],[14.4696137,121.0102972],[14.4708645,121.0082998],[14.4710625,121.0079847],[14.470969,121.0079061],[14.4685351,121.011818],[14.4679093,121.0130496],[14.4678853,121.0130969],[14.4675044,121.01387],[14.4674228,121.0140295],[14.4667921,121.0153269],[14.465676,121.0176429],[14.4655889,121.0178206],[14.4651436,121.0188393],[14.4647283,121.0197572],[14.4646062,121.0200106],[14.4630931,121.023118],[14.4623487,121.0246286],[14.4619862,121.0253642],[14.4619516,121.0254345],[14.4608218,121.0277136],[14.4609269,121.0277579],[14.4614523,121.0279579],[14.4616013,121.0280016],[14.4631856,121.0282096],[14.4636144,121.0282448],[14.4635168,121.0286854],[14.4649655,121.0292896],[14.4652381,121.0294293],[14.4655681,121.0295533],[14.4672575,121.0299522],[14.4680377,121.0298507],[14.4688243,121.0298114],[14.4690844,121.0298481],[14.4694487,121.0302853],[14.4697467,121.0302116],[14.470029,121.0301418]]
route, [[14.4854719,121.0116909],[14.4854917,121.0127464],[14.4850208,121.0141427],[14.485551,121.0143943],[14.4847084,121.0172438],[14.4847235,121.0177331],[14.4842599,121.0177235],[14.4835947,121.0200297],[14.4831346,121.0198665],[14.4828143,121.0197529],[14.4827977,121.0184654],[14.4823988,121.0184568],[14.4816114,121.0197045],[14.4811177,121.0206119],[14.4792934,121.0199007],[14.4785286,121.0211644],[14.4788915,121.021418],[14.4779687,121.0229075],[14.4774458,121.0241474],[14.4773241,121.0244824],[14.4772215,121.0247648],[14.4771216,121.02504],[14.4769655,121.0253426],[14.4764495,121.0250883],[14.4763043,121.0255007],[14.4757678,121.0252966],[14.4753423,121.025127],[14.4749239,121.0249676],[14.4744276,121.0247411],[14.4738666,121.0249537],[14.4734046,121.024766],[14.472576,121.0241724],[14.4721242,121.0236298],[14.472592,121.0231059],[14.4711276,121.0225881],[14.4713091,121.0220365],[14.4703291,121.0216908],[14.4688862,121.0211907],[14.4686672,121.0218461],[14.4672076,121.0213492],[14.4663244,121.0210486],[14.4657696,121.0201575],[14.4652277,121.0199577],[14.4662113,121.0179544],[14.4659266,121.0174188],[14.4664616,121.0162914],[14.4668907,121.0153923],[14.4675121,121.0140735],[14.4679912,121.0131397],[14.4681242,121.0129008],[14.4683668,121.0124392],[14.4686547,121.0118835],[14.469258,121.0108817]]
route, [[14.4695485,121.0144435],[14.4694902,121.0145732],[14.4692856,121.015028],[14.468892,121.0148039],[14.468495,121.0145858],[14.4680822,121.0143637],[14.4675121,121.0140735],[14.4679912,121.0131397],[14.4681242,121.0129008],[14.4710819,121.0144265],[14.4724425,121.0151984]]
route, [[14.469646,121.0175874],[14.4694316,121.0168892],[14.4711632,121.0160237],[14.4707913,121.0158253],[14.4694902,121.0145732],[14.4695485,121.0144435]]
route, [[14.472592,121.0173444],[14.4728268,121.0169244],[14.4717902,121.0163713],[14.4713448,121.0172425],[14.469646,121.0175874]]
route, [[14.469646,121.0175874],[14.4697804,121.0180226],[14.4710499,121.0178413],[14.4712045,121.0190147],[14.471065,121.0195099],[14.4708995,121.0200095],[14.4706843,121.0206059],[14.4705154,121.0211646]]
route, [[14.4697015,121.0236861],[14.4698492,121.0231993],[14.4701097,121.0223372],[14.4703291,121.0216908],[14.4705154,121.0211646],[14.4706843,121.0206059],[14.4708995,121.0200095],[14.471065,121.0195099],[14.4712045,121.0190147],[14.4710499,121.0178413],[14.4697804,121.0180226],[14.469646,121.0175874]]
route, [[14.4705154,121.0211646],[14.4706843,121.0206059],[14.4708995,121.0200095],[14.471065,121.0195099],[14.4712045,121.0190147],[14.4710499,121.0178413],[14.4713448,121.0172425],[14.4717902,121.0163713],[14.4728268,121.0169244],[14.4743297,121.0177263],[14.4747558,121.0179537],[14.473859,121.0196515],[14.4735979,121.0201305]]
route, [[14.4705154,121.0211646],[14.4703291,121.0216908],[14.4713091,121.0220365],[14.4711276,121.0225881],[14.472592,121.0231059],[14.4721242,121.0236298],[14.472576,121.0241724],[14.4734046,121.024766],[14.4725176,121.0264047],[14.4720355,121.0264782],[14.4720277,121.0269147],[14.4717937,121.0268729],[14.4714252,121.0268139],[14.4708159,121.0281287],[14.4705516,121.0282039],[14.4703213,121.028057],[14.4701056,121.0279194],[14.4698854,121.027779],[14.4696655,121.0276388]]
route, [[14.4697015,121.0236861],[14.4706502,121.0240151],[14.4704699,121.0245141],[14.4714924,121.0241436],[14.4721242,121.0236298],[14.472576,121.0241724],[14.4734046,121.024766],[14.4738666,121.0249537],[14.4744276,121.0247411],[14.4749239,121.0249676],[14.4753423,121.025127],[14.4757678,121.0252966],[14.4763043,121.0255007],[14.4764495,121.0250883],[14.4766464,121.0246137],[14.476058,121.0243783],[14.4764663,121.0230206],[14.4747614,121.0211777],[14.474052,121.0221864],[14.473531,121.023268],[14.4732267,121.0237327]]
route, [[14.4696655,121.0276388],[14.4698854,121.027779],[14.4701056,121.0279194],[14.4703213,121.028057],[14.4705516,121.0282039],[14.4708159,121.0281287],[14.4714252,121.0268139],[14.4717937,121.0268729],[14.4720277,121.0269147],[14.4720355,121.0264782],[14.4725176,121.0264047],[14.4734046,121.024766],[14.472576,121.0241724],[14.4721242,121.0236298],[14.4714924,121.0241436],[14.4704699,121.0245141],[14.4706502,121.0240151],[14.4697015,121.0236861]]
route, [[14.4696655,121.0276388],[14.4698854,121.027779],[14.4701056,121.0279194],[14.4703213,121.028057],[14.4705516,121.0282039],[14.4708159,121.0281287],[14.4714252,121.0268139],[14.4717937,121.0268729],[14.4720277,121.0269147],[14.4731354,121.0275335]]
route, [[14.470029,121.0301418],[14.4697467,121.0302116],[14.4694487,121.0302853],[14.4690844,121.0298481],[14.4688243,121.0298114],[14.4680377,121.0298507],[14.4672575,121.0299522],[14.4655681,121.0295533],[14.4652381,121.0294293],[14.4649655,121.0292896],[14.4635168,121.0286854],[14.4636144,121.0282448],[14.4631856,121.0282096],[14.4616013,121.0280016],[14.4614523,121.0279579],[14.4609269,121.0277579],[14.461195,121.0272142],[14.4613802,121.0268386],[14.4616987,121.0261931],[14.4620694,121.0254417],[14.4620837,121.0254129],[14.462447,121.0246764],[14.4631769,121.0232023],[14.4648298,121.0198109],[14.4652277,121.0199577],[14.4657696,121.0201575],[14.4663244,121.0210486],[14.4672076,121.0213492],[14.4686672,121.0218461],[14.4688862,121.0211907],[14.4703291,121.0216908],[14.4713091,121.0220365],[14.4711276,121.0225881],[14.472592,121.0231059],[14.4721242,121.0236298],[14.472576,121.0241724],[14.4734046,121.024766],[14.4725176,121.0264047],[14.4720355,121.0264782],[14.4720277,121.0269147],[14.4717937,121.0268729],[14.4714252,121.0268139],[14.4708159,121.0281287],[14.4705516,121.0282039],[14.4703213,121.028057],[14.4701056,121.0279194],[14.4698854,121.027779],[14.4696655,121.0276388]]
route, [[14.4729999,121.0303038],[14.4714954,121.029601],[14.4714156,121.0291298],[14.4715471,121.0287368],[14.4720277,121.0269147],[14.4720355,121.0264782],[14.4725176,121.0264047],[14.4734046,121.024766],[14.472576,121.0241724],[14.4721242,121.0236298],[14.472592,121.0231059],[14.4711276,121.0225881],[14.4713091,121.0220365],[14.4703291,121.0216908],[14.4688862,121.0211907],[14.4686672,121.0218461],[14.4672076,121.0213492],[14.4663244,121.0210486],[14.4657696,121.0201575],[14.4652277,121.0199577],[14.4648298,121.0198109],[14.4647283,121.0197572],[14.4646062,121.0200106],[14.4630931,121.023118],[14.4623487,121.0246286],[14.4619862,121.0253642],[14.4619516,121.0254345],[14.4608218,121.0277136],[14.4609269,121.0277579],[14.4614523,121.0279579],[14.4616013,121.0280016],[14.4631856,121.0282096],[14.4636144,121.0282448],[14.4635168,121.0286854],[14.4649655,121.0292896],[14.4652381,121.0294293],[14.4655681,121.0295533],[14.4672575,121.0299522],[14.4680377,121.0298507],[14.4688243,121.0298114],[14.4690844,121.0298481],[14.4694487,121.0302853],[14.4697467,121.0302116],[14.470029,121.0301418]]
route, [[14.4730869,121.0120155]]
route, [[14.472592,121.0173444],[14.4728268,121.0169244],[14.4717902,121.0163713],[14.4711632,121.0160237],[14.4707913,121.0158253],[14.4692856,121.015028],[14.468892,121.0148039],[14.468495,121.0145858],[14.4680822,121.0143637],[14.4675121,121.0140735],[14.4679912,121.0131397],[14.4681242,121.0129008],[14.4683668,121.0124392],[14.4686547,121.0118835],[14.469258,121.0108817],[14.4725278,121.0124751],[14.4724004,121.0127303],[14.4730869,121.0120155]]
route, [[14.4724425,121.0151984],[14.4710819,121.0144265],[14.4681242,121.0129008],[14.4683668,121.0124392],[14.4686547,121.0118835],[14.4685351,121.011818],[14.4679093,121.0130496],[14.4678853,121.0130969],[14.4675044,121.01387],[14.4674228,121.0140295],[14.4675121,121.0140735],[14.4680822,121.0143637],[14.468495,121.0145858],[14.468892,121.0148039],[14.4692856,121.015028],[14.4707913,121.0158253],[14.4711632,121.0160237],[14.4717902,121.0163713],[14.4728268,121.0169244],[14.4730472,121.0165193],[14.4732641,121.0160831],[14.4734638,121.0156676],[14.4741291,121.0155577],[14.4744238,121.0157295]]
route, [[14.4764152,121.0175899],[14.4759215,121.0185757],[14.4755746,121.0183906],[14.4751291,121.0181529],[14.4747558,121.0179537],[14.4743297,121.0177263],[14.4740971,121.0181661],[14.472592,121.0173444]]
route, [[14.4735979,121.0201305],[14.473859,121.0196515],[14.4742475,121.0198533],[14.4746858,121.0200809],[14.4751008,121.0202965],[14.4754131,121.0205197],[14.475674,121.0208835],[14.4758654,121.0211868],[14.4762461,121.0215345],[14.4763642,121.0211681]]
route, [[14.4732267,121.0237327],[14.473531,121.023268],[14.474052,121.0221864],[14.4747614,121.0211777],[14.4764663,121.0230206],[14.476058,121.0243783]]
route, [[14.4731354,121.0275335],[14.4720277,121.0269147],[14.4720355,121.0264782],[14.4725176,121.0264047],[14.4734046,121.024766],[14.4738666,121.0249537],[14.4744276,121.0247411],[14.4749239,121.0249676],[14.4753423,121.025127],[14.4757678,121.0252966],[14.4763043,121.0255007],[14.4762147,121.02574],[14.4758913,121.0272]]
route, [[14.476082,121.029954],[14.4755589,121.0297578],[14.4756635,121.0293069],[14.4777394,121.0296131],[14.4778609,121.0291913],[14.4779644,121.0287614],[14.4781133,121.0282926],[14.4758913,121.0272],[14.4762147,121.02574],[14.4763043,121.0255007],[14.4757678,121.0252966],[14.4753423,121.025127],[14.4749239,121.0249676],[14.4744276,121.0247411],[14.4738666,121.0249537],[14.4734046,121.024766],[14.4725176,121.0264047],[14.4720355,121.0264782],[14.4720277,121.0269147],[14.4715471,121.0287368],[14.4714156,121.0291298],[14.4714954,121.029601],[14.4729999,121.0303038]]
route, [[14.4858536,121.0300163],[14.4861882,121.0300752],[14.4861289,121.0303952],[14.4854812,121.0300669],[14.4848761,121.0298445],[14.4843738,121.0296726],[14.4841904,121.0299868],[14.4805532,121.0294833],[14.4781655,121.0297153],[14.4782812,121.0293033],[14.4786121,121.0281698],[14.4781726,121.0280927],[14.4781133,121.0282926],[14.4758913,121.0272],[14.4762147,121.02574],[14.4763043,121.0255007],[14.4757678,121.0252966],[14.4753423,121.025127],[14.4749239,121.0249676],[14.4744276,121.0247411],[14.4738666,121.0249537],[14.4734046,121.024766],[14.4725176,121.0264047],[14.4720355,121.0264782],[14.4720277,121.0269147],[14.4715471,121.0287368],[14.4714156,121.0291298],[14.4714954,121.029601],[14.4729999,121.0303038]]
route, [[14.4810654,121.0128117],[14.4809836,121.0133],[14.4806998,121.0137472],[14.4804297,121.0142477],[14.4809247,121.014537],[14.4803921,121.0156781],[14.4833066,121.0167044],[14.4827977,121.0184654],[14.4823988,121.0184568],[14.4816114,121.0197045],[14.4811177,121.0206119],[14.4792934,121.0199007],[14.4785286,121.0211644],[14.4788915,121.021418],[14.4779687,121.0229075],[14.4774458,121.0241474],[14.4773241,121.0244824],[14.4772215,121.0247648],[14.4771216,121.02504],[14.4769655,121.0253426],[14.4764495,121.0250883],[14.4763043,121.0255007],[14.4757678,121.0252966],[14.4753423,121.025127],[14.4749239,121.0249676],[14.4744276,121.0247411],[14.4738666,121.0249537],[14.4734046,121.024766],[14.472576,121.0241724],[14.4721242,121.0236298],[14.472592,121.0231059],[14.4711276,121.0225881],[14.4713091,121.0220365],[14.4703291,121.0216908],[14.4688862,121.0211907],[14.4686672,121.0218461],[14.4672076,121.0213492],[14.4663244,121.0210486],[14.4657696,121.0201575],[14.4652277,121.0199577],[14.4662113,121.0179544],[14.4659266,121.0174188],[14.4664616,121.0162914],[14.4668907,121.0153923],[14.4675121,121.0140735],[14.4679912,121.0131397],[14.4681242,121.0129008],[14.4683668,121.0124392],[14.4686547,121.0118835],[14.469258,121.0108817],[14.4725278,121.0124751],[14.4724004,121.0127303],[14.4730869,121.0120155]]
route, [[14.4744238,121.0157295],[14.4741291,121.0155577],[14.4734638,121.0156676],[14.4732641,121.0160831],[14.4730472,121.0165193],[14.4728268,121.0169244],[14.4717902,121.0163713],[14.4713448,121.0172425],[14.4710499,121.0178413],[14.4712045,121.0190147],[14.471065,121.0195099],[14.4708995,121.0200095],[14.4706843,121.0206059],[14.4705154,121.0211646],[14.4703291,121.0216908],[14.4713091,121.0220365],[14.4711276,121.0225881],[14.472592,121.0231059],[14.4721242,121.0236298],[14.472576,121.0241724],[14.4734046,121.024766],[14.4738666,121.0249537],[14.4744276,121.0247411],[14.4749239,121.0249676],[14.4753423,121.025127],[14.4757678,121.0252966],[14.4763043,121.0255007],[14.4764495,121.0250883],[14.4769655,121.0253426],[14.4771216,121.02504],[14.4772215,121.0247648],[14.4773241,121.0244824],[14.4774458,121.0241474],[14.4779687,121.0229075],[14.4788915,121.021418],[14.4785286,121.0211644],[14.4792934,121.0199007],[14.4811177,121.0206119],[14.4816114,121.0197045],[14.4823988,121.0184568],[14.4827977,121.0184654],[14.4833066,121.0167044],[14.4803921,121.0156781],[14.4798581,121.0154878],[14.4792948,121.0152935],[14.4796735,121.0144114]]
route, [[14.476058,121.0243783],[14.4766464,121.0246137],[14.4764495,121.0250883],[14.4763043,121.0255007],[14.4757678,121.0252966],[14.4753423,121.025127],[14.4749239,121.0249676],[14.4744276,121.0247411],[14.4738666,121.0249537],[14.4734046,121.024766],[14.472576,121.0241724],[14.4721242,121.0236298],[14.472592,121.0231059],[14.4711276,121.0225881],[14.4713091,121.0220365],[14.4703291,121.0216908],[14.4705154,121.0211646],[14.4706843,121.0206059],[14.4708995,121.0200095],[14.471065,121.0195099],[14.4712045,121.0190147],[14.4710499,121.0178413],[14.4713448,121.0172425],[14.4717902,121.0163713],[14.4728268,121.0169244],[14.4743297,121.0177263],[14.4747558,121.0179537],[14.4751291,121.0181529],[14.4755746,121.0183906],[14.4759215,121.0185757],[14.4764152,121.0175899]]
route, [[14.479889,121.0177273],[14.4797677,121.0181498],[14.4796496,121.0185613],[14.4795837,121.0189498],[14.4794282,121.0193912],[14.4792934,121.0199007],[14.4785286,121.0211644],[14.4788915,121.021418],[14.4779687,121.0229075],[14.4774458,121.0241474],[14.4773241,121.0244824],[14.4772215,121.0247648],[14.4771216,121.02504],[14.4769655,121.0253426],[14.4764495,121.0250883],[14.4763043,121.0255007],[14.4757678,121.0252966],[14.4753423,121.025127],[14.4749239,121.0249676],[14.4744276,121.0247411],[14.4738666,121.0249537],[14.4734046,121.024766],[14.472576,121.0241724],[14.4721242,121.0236298],[14.472592,121.0231059],[14.4711276,121.0225881],[14.4713091,121.0220365],[14.4703291,121.0216908],[14.4705154,121.0211646],[14.4706843,121.0206059],[14.4708995,121.0200095],[14.471065,121.0195099],[14.4712045,121.0190147],[14.4710499,121.0178413],[14.4713448,121.0172425],[14.4717902,121.0163713],[14.4728268,121.0169244],[14.4743297,121.0177263],[14.4747558,121.0179537],[14.4751291,121.0181529],[14.4755746,121.0183906],[14.4759215,121.0185757],[14.4764152,121.0175899]]
route, [[14.4763642,121.0211681],[14.4762461,121.0215345],[14.4758654,121.0211868],[14.475674,121.0208835],[14.4754131,121.0205197],[14.4751008,121.0202965],[14.4746858,121.0200809],[14.4755746,121.0183906],[14.4751291,121.0181529],[14.4747558,121.0179537],[14.4743297,121.0177263],[14.4728268,121.0169244],[14.4717902,121.0163713],[14.4713448,121.0172425],[14.4710499,121.0178413],[14.4712045,121.0190147],[14.471065,121.0195099],[14.4708995,121.0200095],[14.4706843,121.0206059],[14.4705154,121.0211646],[14.4703291,121.0216908],[14.4713091,121.0220365],[14.4711276,121.0225881],[14.472592,121.0231059],[14.4721242,121.0236298],[14.472576,121.0241724],[14.4734046,121.024766],[14.4738666,121.0249537],[14.4744276,121.0247411],[14.4749239,121.0249676],[14.4753423,121.025127],[14.4757678,121.0252966],[14.4763043,121.0255007],[14.4764495,121.0250883],[14.4769655,121.0253426],[14.4771216,121.02504],[14.4772215,121.0247648],[14.4773241,121.0244824],[14.4774458,121.0241474],[14.4779687,121.0229075],[14.4790823,121.0215513],[14.4795643,121.0202725]]
route, [[14.4763642,121.0211681],[14.4762461,121.0215345],[14.4758654,121.0211868],[14.475674,121.0208835],[14.4754131,121.0205197],[14.4751008,121.0202965],[14.4746858,121.0200809],[14.4755746,121.0183906],[14.4751291,121.0181529],[14.4747558,121.0179537],[14.4743297,121.0177263],[14.4728268,121.0169244],[14.4717902,121.0163713],[14.4713448,121.0172425],[14.4710499,121.0178413],[14.4712045,121.0190147],[14.471065,121.0195099],[14.4708995,121.0200095],[14.4706843,121.0206059],[14.4705154,121.0211646],[14.4703291,121.0216908],[14.4713091,121.0220365],[14.4711276,121.0225881],[14.472592,121.0231059],[14.4721242,121.0236298],[14.472576,121.0241724],[14.4734046,121.024766],[14.4738666,121.0249537],[14.4744276,121.0247411],[14.4749239,121.0249676],[14.4753423,121.025127],[14.4757678,121.0252966],[14.4763043,121.0255007],[14.4762147,121.02574],[14.4758913,121.0272]]
route, [[14.4796345,121.02366],[14.4798019,121.0232915],[14.4809854,121.0233109],[14.4814227,121.0234763],[14.4817672,121.0240701],[14.4822274,121.0241697],[14.4829028,121.0229485],[14.4830879,121.0224697],[14.4831577,121.0219542],[14.4832769,121.0214293],[14.4833827,121.0209633],[14.4834858,121.0205092],[14.4835947,121.0200297],[14.4831346,121.0198665],[14.4828143,121.0197529],[14.4827977,121.0184654],[14.4823988,121.0184568],[14.4816114,121.0197045],[14.4811177,121.0206119],[14.4792934,121.0199007],[14.4785286,121.0211644],[14.4788915,121.021418],[14.4779687,121.0229075],[14.4774458,121.0241474],[14.4773241,121.0244824],[14.4772215,121.0247648],[14.4771216,121.02504],[14.4769655,121.0253426],[14.4764495,121.0250883],[14.4766464,121.0246137],[14.476058,121.0243783]]
route, [[14.476058,121.0243783],[14.4766464,121.0246137],[14.4764495,121.0250883],[14.4763043,121.0255007],[14.4762147,121.02574],[14.4758913,121.0272],[14.4781133,121.0282926],[14.4779644,121.0287614],[14.4778609,121.0291913],[14.4777394,121.0296131],[14.4756635,121.0293069],[14.4755589,121.0297578],[14.476082,121.029954]]
route, [[14.4758913,121.0272],[14.4781133,121.0282926],[14.4779644,121.0287614],[14.4778609,121.0291913],[14.4777394,121.0296131],[14.4756635,121.0293069],[14.4755589,121.0297578],[14.476082,121.029954]]
route, [[14.4758913,121.0272],[14.4781133,121.0282926],[14.4781726,121.0280927],[14.4786121,121.0281698],[14.4788008,121.0274531],[14.4789642,121.0268711]]
route, [[14.4794954,121.0306582],[14.4791949,121.030714],[14.4787107,121.0308059],[14.4783131,121.030785],[14.4779064,121.0306381],[14.4774418,121.0304639],[14.476082,121.029954]]
route, [[14.4833972,121.0105896],[14.4838205,121.0113352],[14.4827184,121.0133431],[14.4817463,121.014352],[14.4813728,121.0141286],[14.4815865,121.0137609],[14.4809836,121.0133],[14.4810654,121.0128117]]
route, [[14.4796735,121.0144114],[14.4792948,121.0152935],[14.4798581,121.0154878],[14.4804297,121.0142477],[14.4809247,121.014537],[14.4814932,121.0148581],[14.4817463,121.014352],[14.4821078,121.0145683],[14.4826649,121.014925]]
route, [[14.479889,121.0177273],[14.4797677,121.0181498],[14.4796496,121.0185613],[14.4795837,121.0189498],[14.4794282,121.0193912],[14.4792934,121.0199007],[14.4785286,121.0211644],[14.4788915,121.021418],[14.4790823,121.0215513],[14.4795643,121.0202725]]
route, [[14.4827977,121.0184654],[14.4823988,121.0184568],[14.4810442,121.017959],[14.479889,121.0177273]]
route, [[14.4795643,121.0202725],[14.4790823,121.0215513],[14.4788915,121.021418],[14.4785286,121.0211644],[14.4792934,121.0199007],[14.4811177,121.0206119],[14.4816114,121.0197045],[14.4823988,121.0184568],[14.4827977,121.0184654],[14.4828143,121.0197529],[14.4831346,121.0198665],[14.4835947,121.0200297],[14.4834858,121.0205092],[14.4833827,121.0209633]]
route, [[14.4796345,121.02366],[14.4798019,121.0232915],[14.4809854,121.0233109],[14.4814227,121.0234763],[14.4817672,121.0240701],[14.4822274,121.0241697],[14.4826716,121.0242659]]
route, [[14.4789642,121.0268711],[14.4805622,121.027117],[14.4811605,121.0271086],[14.4811711,121.0261456],[14.481725,121.0263934],[14.4822483,121.0264217],[14.4827886,121.0264405],[14.4832297,121.0264747],[14.4832485,121.0269845]]
route, [[14.4826533,121.0308671],[14.4822357,121.0307121],[14.4806655,121.0304407],[14.4794954,121.0306582]]
route, [[14.4854719,121.0116909],[14.4854917,121.0127464],[14.4850208,121.0141427],[14.485551,121.0143943],[14.4847084,121.0172438],[14.4847235,121.0177331],[14.4842599,121.0177235],[14.4835947,121.0200297],[14.4831346,121.0198665],[14.483831,121.0155276],[14.4839639,121.0140998],[14.4835213,121.0138312],[14.4831751,121.0136205],[14.4827184,121.0133431],[14.4838205,121.0113352],[14.4833972,121.0105896]]
route, [[14.4826649,121.014925],[14.4821078,121.0145683],[14.481665,121.0155501],[14.4820643,121.0157094],[14.4824732,121.0158579],[14.4831977,121.0156376],[14.4833689,121.015279],[14.483831,121.0155276],[14.4831346,121.0198665],[14.4835947,121.0200297],[14.4842599,121.0177235],[14.4847235,121.0177331],[14.4847084,121.0172438],[14.485551,121.0143943]]
route, [[14.4856557,121.0178961],[14.4856225,121.0182909],[14.4851162,121.0182446],[14.4846793,121.0182471],[14.4846183,121.0202375],[14.4841481,121.0201526],[14.4835947,121.0200297],[14.4831346,121.0198665],[14.4828143,121.0197529],[14.4827977,121.0184654]]
route, [[14.4833827,121.0209633],[14.4845885,121.0212107],[14.484603,121.0207388],[14.4846183,121.0202375],[14.4846793,121.0182471],[14.4851162,121.0182446],[14.4856225,121.0182909],[14.4861589,121.0184571],[14.4861599,121.0189439],[14.4861605,121.0194041],[14.4866679,121.0209373]]
route, [[14.4826716,121.0242659],[14.4830895,121.0243563],[14.4836052,121.0240185],[14.4842001,121.0241126],[14.4846758,121.0241731],[14.485782,121.0242667],[14.4857395,121.0237955]]
route, [[14.4832485,121.0269845],[14.4832297,121.0264747],[14.4842279,121.0265615],[14.4860397,121.0268783]]
route, [[14.4858536,121.0300163],[14.4861882,121.0300752],[14.4861289,121.0303952],[14.4854812,121.0300669],[14.4848761,121.0298445],[14.4843963,121.0315078],[14.4839021,121.0313579],[14.4834814,121.0311986],[14.4830675,121.0310346],[14.4826533,121.0308671]]
route, [[14.4854719,121.0116909],[14.4854917,121.0127464],[14.4850208,121.0141427],[14.485551,121.0143943],[14.4847084,121.0172438],[14.4847235,121.0177331],[14.4846793,121.0182471],[14.4851162,121.0182446],[14.4856225,121.0182909],[14.4861589,121.0184571],[14.4861599,121.0189439],[14.4861605,121.0194041],[14.4866679,121.0209373]]
route, [[14.4858536,121.0300163],[14.4861882,121.0300752],[14.4861289,121.0303952],[14.4854812,121.0300669],[14.4848761,121.0298445],[14.4867292,121.0273007],[14.4860397,121.0268783],[14.4861716,121.026287],[14.4863707,121.0247285],[14.4858002,121.0218547],[14.4853239,121.0220954],[14.4851162,121.0182446],[14.4846793,121.0182471],[14.4847235,121.0177331],[14.4847084,121.0172438],[14.485551,121.0143943],[14.4850208,121.0141427],[14.4854917,121.0127464],[14.4854719,121.0116909]]
route, [[14.485551,121.0143943],[14.4850208,121.0141427],[14.4854917,121.0127464],[14.4854719,121.0116909]]
route, [[14.4856557,121.0178961],[14.4856092,121.0173274],[14.4859362,121.0162316],[14.4862321,121.0152399],[14.4863686,121.0147823],[14.485551,121.0143943]]
route, [[14.4866679,121.0209373],[14.4861605,121.0194041],[14.4861599,121.0189439],[14.4861589,121.0184571],[14.4856225,121.0182909],[14.4856557,121.0178961]]
route, [[14.4857395,121.0237955],[14.4856956,121.0233094],[14.4854822,121.022431],[14.4853239,121.0220954],[14.4851162,121.0182446],[14.4856225,121.0182909],[14.4856557,121.0178961]]
route, [[14.4858536,121.0300163],[14.4861882,121.0300752],[14.4861289,121.0303952],[14.4854812,121.0300669],[14.4848761,121.0298445],[14.4867292,121.0273007],[14.4860397,121.0268783],[14.4861716,121.026287],[14.4863707,121.0247285],[14.4858002,121.0218547],[14.4856225,121.0182909],[14.4856557,121.0178961]]
route, [[14.4866679,121.0209373],[14.4861605,121.0194041],[14.4861599,121.0189439],[14.4861589,121.0184571],[14.4856225,121.0182909],[14.4858002,121.0218547],[14.4863707,121.0247285],[14.4861716,121.026287],[14.4860397,121.0268783]]
route, [[14.4857395,121.0237955],[14.485782,121.0242667],[14.4858238,121.0247293],[14.4863707,121.0247285],[14.4861716,121.026287],[14.4860397,121.0268783]]
route, [[14.4860397,121.0268783],[14.4867292,121.0273007],[14.4848761,121.0298445],[14.4854812,121.0300669],[14.4861289,121.0303952],[14.4861882,121.0300752],[14.4858536,121.0300163]]
