stop, 14.5439262, 121.0122621, #ff9900
stop, 14.5422683, 121.0159852, #ff9900
stop, 14.5449707, 121.018023, #ff9900
stop, 14.5449567, 121.0232477, #ff9900
stop, 14.5451091, 121.0231228, #ff9900
stop, 14.5470045, 121.0265738, #ff9900
stop, 14.5466543, 121.0344755, #ff9900
stop, 14.5466543, 121.0344755, #ff9900
stop, 14.5470105, 121.0120677, #ff9900
stop, 14.5481954, 121.0145085, #ff9900
stop, 14.5449707, 121.018023, #ff9900
stop, 14.5451091, 121.0231228, #ff9900
stop, 14.5476326, 121.0259894, #ff9900
stop, 14.5470045, 121.0265738, #ff9900
stop, 14.5494434, 121.030361, #ff9900
stop, 14.5466543, 121.0344755, #ff9900
stop, 14.5514702, 121.0123284, #ff9900
stop, 14.5513816, 121.0155506, #ff9900
stop, 14.5509712, 121.0191437, #ff9900
stop, 14.5506969, 121.0218787, #ff9900
stop, 14.5501945, 121.0252786, #ff9900
stop, 14.5496996, 121.0276321, #ff9900
stop, 14.5494434, 121.030361, #ff9900
stop, 14.5476759, 121.034468, #ff9900
stop, 14.5531585, 121.0122489, #ff9900
stop, 14.5533175, 121.0160063, #ff9900
stop, 14.553246, 121.0184674, #ff9900
stop, 14.553612, 121.0215054, #ff9900
stop, 14.5530055, 121.0251009, #ff9900
stop, 14.5523503, 121.0275341, #ff9900
stop, 14.5516638, 121.0308621, #ff9900
stop, 14.5534251, 121.0333385, #ff9900
stop, 14.5569177, 121.0121647, #ff9900
stop, 14.5554078, 121.015656, #ff9900
stop, 14.5567438, 121.0189228, #ff9900
stop, 14.5565215, 121.0217513, #ff9900
stop, 14.5562903, 121.0251336, #ff9900
stop, 14.5578925, 121.027485, #ff9900
stop, 14.5571423, 121.0330662, #ff9900
stop, 14.5558021, 121.0343288, #ff9900
stop, 14.5593599, 121.0121751, #ff9900
stop, 14.5588288, 121.0156061, #ff9900
stop, 14.5592921, 121.0196013, #ff9900
stop, 14.5593985, 121.0221289, #ff9900
stop, 14.5595811, 121.0246822, #ff9900
stop, 14.5599015, 121.0286157, #ff9900
stop, 14.5593463, 121.0311956, #ff9900
stop, 14.557173, 121.0331858, #ff9900
stop, 14.5608555, 121.0139766, #ff9900
stop, 14.5611303, 121.0150554, #ff9900
route, [[14.5439262,121.0122621],[14.5434243,121.0122084],[14.543316,121.0115942],[14.5438052,121.0115135],[14.5443896,121.0114168],[14.5448688,121.0113385],[14.5453591,121.0112583],[14.5458698,121.0111749],[14.5463608,121.0110946],[14.5468706,121.0110113],[14.5470105,121.0120677]]
route, [[14.5439262,121.0122621],[14.5439979,121.0127299],[14.5442648,121.013727],[14.5445884,121.014393],[14.5441613,121.0146176],[14.5436976,121.0148603],[14.5432983,121.0150598]]
route, [[14.5439262,121.0122621],[14.5434243,121.0122084],[14.5428497,121.0121369],[14.5424244,121.012104],[14.5425738,121.0130427],[14.5421294,121.013125],[14.5417263,121.0132193],[14.5412827,121.0133369],[14.5416442,121.0146813],[14.5420514,121.0157612],[14.5416273,121.0159564],[14.5412407,121.0161019],[14.5409835,121.0161715],[14.5411182,121.0165483],[14.5422683,121.0159852],[14.5471709,121.0133312],[14.5475376,121.0131328],[14.5477127,121.0135007],[14.5481954,121.0145085],[14.544293,121.016657],[14.5449707,121.018023]]
route, [[14.5481954,121.0145085],[14.544293,121.016657],[14.5414645,121.0181678],[14.5410284,121.0184241],[14.5419814,121.0196381],[14.5449567,121.0232477],[14.5473883,121.0261985],[14.5476326,121.0259894],[14.5451091,121.0231228],[14.5422385,121.0195182],[14.5392702,121.0131219],[14.5391221,121.0123073],[14.5397114,121.0121966],[14.5401401,121.012118],[14.540582,121.0120467],[14.5410449,121.0119617],[14.5412827,121.0133369],[14.5416442,121.0146813],[14.5420562,121.0145505],[14.5425105,121.0144034],[14.542944,121.0142391],[14.5432983,121.0150598]]
route, [[14.5432983,121.0150598],[14.5430437,121.0152972],[14.5428727,121.0153855],[14.5427233,121.0154648],[14.5424719,121.0155249],[14.5420514,121.0157612],[14.5416273,121.0159564],[14.5412407,121.0161019],[14.5409835,121.0161715],[14.5411182,121.0165483],[14.5422683,121.0159852],[14.5471709,121.0133312],[14.5475376,121.0131328],[14.5477127,121.0135007],[14.5481954,121.0145085],[14.544293,121.016657],[14.5449707,121.018023]]
route, [[14.5432983,121.0150598],[14.5430437,121.0152972],[14.5428727,121.0153855],[14.5427233,121.0154648],[14.5404846,121.0164523],[14.5399194,121.0167813],[14.5401053,121.017426],[14.5418455,121.019419],[14.5419814,121.0196381],[14.5449567,121.0232477],[14.5473883,121.0261985],[14.5470045,121.0265738]]
route, [[14.5466543,121.0344755],[14.5476759,121.034468],[14.5494434,121.030361],[14.5496026,121.0301142],[14.5501814,121.0295197],[14.5504775,121.0292676],[14.550354,121.0291733],[14.5501293,121.0289227],[14.5485106,121.0270153],[14.5476326,121.0259894],[14.5451091,121.0231228],[14.5422385,121.0195182],[14.5392702,121.0131219],[14.5391221,121.0123073],[14.5397114,121.0121966],[14.5401401,121.012118],[14.540582,121.0120467],[14.5410449,121.0119617],[14.5412827,121.0133369],[14.5416442,121.0146813],[14.5420562,121.0145505],[14.5425105,121.0144034],[14.542944,121.0142391],[14.5432983,121.0150598]]
route, [[14.5449707,121.018023]]
route, [[14.5449567,121.0232477],[14.5473883,121.0261985],[14.5476326,121.0259894],[14.5451091,121.0231228]]
route, [[14.5449567,121.0232477]]
route, [[14.5463763,121.0246041],[14.5451091,121.0231228],[14.5422385,121.0195182],[14.5414645,121.0181678],[14.5410284,121.0184241],[14.5419814,121.0196381],[14.5449567,121.0232477]]
route, [[14.5449567,121.0232477],[14.5473883,121.0261985],[14.5470045,121.0265738]]
route, [[14.5470045,121.0265738]]
route, [[14.5466543,121.0344755],[14.5476759,121.034468],[14.5494434,121.030361]]
route, [[14.5466543,121.0344755]]
route, [[14.5466543,121.0344755]]
route, [[14.5470105,121.0120677],[14.5465195,121.0121742],[14.5463608,121.0110946],[14.5468706,121.0110113],[14.5473329,121.0109445],[14.5478386,121.0108601],[14.5483685,121.0107717],[14.548907,121.0106819],[14.5490907,121.0115867],[14.5491646,121.0120026]]
route, [[14.5451091,121.0231228],[14.5422385,121.0195182],[14.5414645,121.0181678],[14.544293,121.016657],[14.5481954,121.0145085]]
route, [[14.5463763,121.0246041],[14.5451091,121.0231228],[14.5422385,121.0195182],[14.5414645,121.0181678],[14.544293,121.016657],[14.5481954,121.0145085]]
route, [[14.5494434,121.030361],[14.5496026,121.0301142],[14.5501814,121.0295197],[14.5504775,121.0292676],[14.550354,121.0291733],[14.5501293,121.0289227],[14.5485106,121.0270153],[14.5476326,121.0259894],[14.5451091,121.0231228],[14.5422385,121.0195182],[14.5414645,121.0181678],[14.544293,121.016657],[14.5481954,121.0145085]]
route, [[14.5513816,121.0155506],[14.5539347,121.0150474],[14.5540993,121.0150169],[14.5552512,121.0147825],[14.5552322,121.014668],[14.5550482,121.0136042],[14.5549103,121.0130725],[14.553457,121.0132294],[14.5514658,121.0130314],[14.5514702,121.0123284],[14.5514023,121.011936],[14.5513246,121.0115645],[14.5477127,121.0135007],[14.5481954,121.0145085]]
route, [[14.5449707,121.018023],[14.544293,121.016657],[14.5481954,121.0145085],[14.5514587,121.0136215],[14.5514005,121.0153879],[14.5513816,121.0155506],[14.5509712,121.0191437]]
route, [[14.5451091,121.0231228],[14.5422385,121.0195182],[14.5414645,121.0181678],[14.544293,121.016657],[14.5481954,121.0145085],[14.5514587,121.0136215],[14.5514005,121.0153879],[14.5513816,121.0155506],[14.5509712,121.0191437],[14.5508014,121.0208388],[14.5506969,121.0218787]]
route, [[14.5451091,121.0231228],[14.5422385,121.0195182],[14.5414645,121.0181678],[14.5410284,121.0184241],[14.5419814,121.0196381],[14.5449567,121.0232477],[14.5473883,121.0261985],[14.5470045,121.0265738]]
route, [[14.5501945,121.0252786],[14.5501542,121.0254365],[14.5500568,121.025624],[14.5498048,121.025853],[14.5506318,121.026801],[14.5496996,121.0276321],[14.5506779,121.0288437],[14.550354,121.0291733],[14.5501293,121.0289227],[14.5491359,121.0278597],[14.5463763,121.0246041]]
route, [[14.5470045,121.0265738],[14.5473883,121.0261985],[14.5476326,121.0259894],[14.5484415,121.0252847],[14.5493158,121.0262905],[14.5498048,121.025853],[14.5506318,121.026801],[14.5496996,121.0276321]]
route, [[14.5494434,121.030361]]
route, [[14.5476759,121.034468],[14.5466543,121.0344755]]
route, [[14.5491646,121.0120026],[14.5486828,121.0122859],[14.5485142,121.011733],[14.5483685,121.0107717],[14.548907,121.0106819],[14.549435,121.0105938],[14.5499696,121.0105073],[14.5505014,121.0104259],[14.5510699,121.0103368],[14.5511103,121.0105074],[14.5511678,121.0107922],[14.5511834,121.0108697],[14.5512342,121.0111196],[14.555323,121.0088814],[14.555497,121.0089058],[14.5565583,121.0083193],[14.5569847,121.0083746],[14.5570017,121.0084169],[14.5557697,121.0090888],[14.5548158,121.0095733],[14.5539866,121.0100203],[14.5531109,121.0104873],[14.5533386,121.0109248],[14.5535459,121.0113699],[14.5532378,121.0117958],[14.5531585,121.0122489]]
route, [[14.5491646,121.0120026],[14.5486828,121.0122859],[14.5482654,121.0125294],[14.5478085,121.0127783],[14.547333,121.0130403],[14.5468958,121.0132702],[14.546455,121.0135002],[14.5460166,121.0137334],[14.5450951,121.0142249],[14.5447172,121.0144205],[14.5430437,121.0152972],[14.5428727,121.0153855],[14.5427233,121.0154648],[14.5424719,121.0155249],[14.5420514,121.0157612],[14.5416273,121.0159564],[14.5412407,121.0161019],[14.5409835,121.0161715],[14.5411182,121.0165483],[14.5422683,121.0159852],[14.5471709,121.0133312],[14.5475376,121.0131328],[14.5477127,121.0135007],[14.5481954,121.0145085],[14.5514587,121.0136215],[14.5514005,121.0153879],[14.5513816,121.0155506],[14.5509712,121.0191437]]
route, [[14.5513816,121.0155506],[14.5509712,121.0191437]]
route, [[14.5533175,121.0160063],[14.5528,121.0160747],[14.552368,121.0161253],[14.5517283,121.0162197],[14.551594,121.0183078],[14.5515299,121.0191914],[14.5509712,121.0191437],[14.5513816,121.0155506]]
route, [[14.5509712,121.0191437],[14.5515299,121.0191914],[14.5516772,121.019205],[14.5517277,121.0192103],[14.5530567,121.0193863],[14.553074,121.0193078],[14.553246,121.0184674]]
route, [[14.5506969,121.0218787],[14.5508014,121.0208388],[14.551517,121.0208979],[14.5515803,121.0209029],[14.553612,121.0215054]]
route, [[14.5530055,121.0251009],[14.5524094,121.0244337],[14.5513245,121.023867],[14.551267,121.0238417],[14.5512245,121.0239252],[14.5501945,121.0252786]]
route, [[14.5501945,121.0252786],[14.5501542,121.0254365],[14.5500568,121.025624],[14.5498048,121.025853],[14.5506318,121.026801],[14.5496996,121.0276321]]
route, [[14.5494434,121.030361],[14.5496026,121.0301142],[14.5501814,121.0295197],[14.5504775,121.0292676],[14.550354,121.0291733],[14.5501293,121.0289227],[14.5485106,121.0270153],[14.5476326,121.0259894],[14.5484415,121.0252847],[14.5489291,121.0248314],[14.5500608,121.0233708],[14.5512245,121.0239252],[14.5501945,121.0252786]]
route, [[14.5496996,121.0276321],[14.5506779,121.0288437],[14.550354,121.0291733],[14.5500955,121.0294006],[14.5501814,121.0295197],[14.5504775,121.0292676],[14.5517232,121.0281113],[14.5518416,121.028039],[14.5523503,121.0275341]]
route, [[14.5534251,121.0333385],[14.5555825,121.0359321],[14.55637,121.0368195],[14.5566221,121.0371289],[14.5569488,121.0375122],[14.5572828,121.0379042],[14.557528,121.0381917],[14.5579866,121.0385275],[14.5572849,121.0376572],[14.5557306,121.0357798],[14.5547239,121.0344468],[14.5516638,121.0308621],[14.5507006,121.0294883],[14.5504775,121.0292676],[14.550354,121.0291733],[14.5500955,121.0294006],[14.5494434,121.030361],[14.5476759,121.034468]]
route, [[14.5531585,121.0122489],[14.5538302,121.0122089],[14.5547414,121.0120103],[14.5547775,121.0124839],[14.5557387,121.0124124]]
route, [[14.5554078,121.015656],[14.5538279,121.0159577],[14.5533175,121.0160063]]
route, [[14.553246,121.0184674],[14.5535609,121.017088],[14.5544052,121.0173059],[14.5567438,121.0189228]]
route, [[14.553612,121.0215054],[14.5536116,121.021437],[14.5538941,121.0194905],[14.5543271,121.0195598],[14.5547496,121.019768],[14.5551682,121.0199911],[14.5558248,121.0204444],[14.556731,121.0211395],[14.5546561,121.024307],[14.5545871,121.0244225],[14.5547244,121.0244844],[14.554799,121.0243742],[14.5565215,121.0217513]]
route, [[14.5562903,121.0251336],[14.554799,121.0243742],[14.5546561,121.024307],[14.5545871,121.0244225],[14.5537674,121.0256548],[14.5534559,121.025421],[14.5533195,121.0253182],[14.5530055,121.0251009]]
route, [[14.5523503,121.0275341],[14.5533219,121.0264486],[14.5533828,121.0263807],[14.5538329,121.0258194],[14.5547244,121.0244844],[14.5562331,121.0252637],[14.5582855,121.0263006],[14.5586117,121.0273003],[14.5578925,121.027485]]
route, [[14.5517853,121.0313943],[14.5534251,121.0333385],[14.5555825,121.0359321],[14.55637,121.0368195],[14.5566221,121.0371289],[14.5569488,121.0375122],[14.5572828,121.0379042],[14.557528,121.0381917],[14.5578556,121.0385759],[14.5581846,121.0389675],[14.5585347,121.0393857],[14.5592121,121.0401552],[14.5595677,121.0406028],[14.5593584,121.0411782],[14.5590213,121.0421146],[14.5588024,121.0431879],[14.558028,121.044864],[14.5575584,121.0435979],[14.5573198,121.0412322],[14.557173,121.0331858],[14.5593463,121.0311956],[14.5596997,121.0308077],[14.5596634,121.030634],[14.5571423,121.0330662]]
route, [[14.5558021,121.0343288],[14.557173,121.0331858],[14.5593463,121.0311956],[14.5596997,121.0308077],[14.5596634,121.030634],[14.5571423,121.0330662],[14.5557157,121.0341361],[14.5549682,121.0347207],[14.5547239,121.0344468],[14.5516638,121.0308621],[14.5507006,121.0294883],[14.5503821,121.0297876],[14.5507474,121.0302306],[14.5517853,121.0313943],[14.5534251,121.0333385]]
route, [[14.5557387,121.0124124],[14.5569177,121.0121647],[14.5581307,121.0118936],[14.5582239,121.0122159],[14.5583259,121.0126546],[14.5593599,121.0121751]]
route, [[14.5588288,121.0156061],[14.5554078,121.015656]]
route, [[14.5567438,121.0189228],[14.5569912,121.0185409],[14.5572446,121.018154],[14.5582044,121.0188454],[14.5583305,121.018943],[14.5592921,121.0196013]]
route, [[14.5565215,121.0217513],[14.5567879,121.0213205],[14.5568858,121.0211715],[14.5583305,121.018943],[14.5592921,121.0196013],[14.5584222,121.0224325],[14.5589002,121.0222839],[14.5593985,121.0221289]]
route, [[14.5595811,121.0246822],[14.5589002,121.0222839],[14.5584222,121.0224325],[14.5573524,121.0227653],[14.5572301,121.0228033],[14.55794,121.025174],[14.5580851,121.0256502],[14.5577334,121.0258777],[14.5562903,121.0251336]]
route, [[14.5578925,121.027485],[14.5586117,121.0273003],[14.5594654,121.0299896],[14.5593009,121.0293013],[14.559955,121.0288515],[14.5601124,121.0285559],[14.5600348,121.0287015],[14.5599015,121.0286157]]
route, [[14.5571423,121.0330662],[14.5557157,121.0341361],[14.5558021,121.0343288],[14.557173,121.0331858],[14.5593463,121.0311956]]
route, [[14.557173,121.0331858],[14.5593463,121.0311956],[14.5597904,121.0311249],[14.5599076,121.0315344],[14.5555271,121.0345607],[14.5558021,121.0343288]]
route, [[14.5593599,121.0121751],[14.5598943,121.0118818],[14.5608555,121.0139766],[14.5609884,121.0143389],[14.5611303,121.0150554],[14.5609119,121.0155061],[14.5605804,121.015666],[14.5603587,121.0158266],[14.5599008,121.0162845],[14.5588288,121.0156061]]
route, [[14.5593599,121.0121751],[14.5598943,121.0118818],[14.5608555,121.0139766],[14.5609884,121.0143389],[14.5611303,121.0150554],[14.5609119,121.0155061],[14.5605804,121.015666],[14.5603587,121.0158266],[14.5599008,121.0162845],[14.5598542,121.0163485],[14.5582044,121.0188454],[14.5583305,121.018943],[14.5592921,121.0196013],[14.5584222,121.0224325],[14.5591168,121.0248213],[14.5595811,121.0246822]]
route, [[14.5592921,121.0196013],[14.5583305,121.018943],[14.5599726,121.0164549],[14.5600245,121.0163962],[14.5599008,121.0162845],[14.5588288,121.0156061]]
route, [[14.5592921,121.0196013],[14.5584222,121.0224325],[14.5591168,121.0248213],[14.5595811,121.0246822]]
route, [[14.5593985,121.0221289],[14.5589002,121.0222839],[14.5584222,121.0224325],[14.5591168,121.0248213],[14.5595811,121.0246822]]
route, [[14.5599015,121.0286157],[14.559878,121.028663],[14.5600107,121.0287469],[14.559955,121.0288515],[14.5601124,121.0285559],[14.5606585,121.02753],[14.560992,121.0276875],[14.5610204,121.0285895],[14.5600166,121.0302035],[14.5596634,121.030634],[14.5571423,121.0330662],[14.5557157,121.0341361],[14.5558021,121.0343288],[14.557173,121.0331858]]
route, [[14.5593463,121.0311956],[14.5597904,121.0311249],[14.5599076,121.0315344],[14.5555271,121.0345607],[14.5558021,121.0343288],[14.557173,121.0331858]]
