stop, 14.4506333, 121.0078237, #ff9900
stop, 14.4588086, 121.019262, #ff9900
stop, 14.4690011, 121.0254642, #ff9900
stop, 14.4877073, 120.9936879, #ff9900
stop, 14.4793812, 120.9998668, #ff9900
stop, 14.5137616, 120.9885482, #ff9900
stop, 14.4421047, 121.0196034, #ff9900
stop, 14.5053716, 121.0357597, #ff9900
stop, 14.4759828, 121.0169861, #ff9900
stop, 14.509363, 120.9852466, #ff9900
stop, 14.4807232, 120.9968676, #ff9900
stop, 14.446891, 121.0233428, #ff9900
stop, 14.5001178, 120.9950569, #ff9900
stop, 14.4549572, 121.015124, #ff9900
stop, 14.4916797, 120.9888838, #ff9900
stop, 14.4779064, 121.0306381, #ff9900
stop, 14.4801116, 121.0334226, #ff9900
stop, 14.4958869, 121.009921, #ff9900
stop, 14.4787382, 120.9972926, #ff9900
stop, 14.5024172, 121.011838, #ff9900
stop, 14.4486734, 121.0177768, #ff9900
stop, 14.4730472, 121.0165193, #ff9900
stop, 14.5053716, 121.0357597, #ff9900
stop, 14.5078973, 121.0084733, #ff9900
stop, 14.4813674, 120.9953854, #ff9900
stop, 14.4720469, 121.0245486, #ff9900
stop, 14.4746366, 121.0006151, #ff9900
stop, 14.5165835, 120.9814075, #ff9900
stop, 14.5024422, 120.9985867, #ff9900
stop, 14.491892, 121.0380068, #ff9900
stop, 14.4892933, 120.9952877, #ff9900
stop, 14.4615741, 121.0371187, #ff9900
stop, 14.4833972, 121.0105896, #ff9900
stop, 14.4576139, 121.0453424, #ff9900
stop, 14.5051356, 121.0005151, #ff9900
stop, 14.4810654, 121.0128117, #ff9900
stop, 14.4395197, 121.0219295, #ff9900
stop, 14.4783131, 121.030785, #ff9900
stop, 14.4588086, 121.019262, #ff9900
stop, 14.5245342, 120.9851997, #ff9900
stop, 14.460753, 121.0142999, #ff9900
stop, 14.4707913, 121.0158253, #ff9900
stop, 14.4946805, 121.0318853, #ff9900
stop, 14.4807, 121.0337912, #ff9900
stop, 14.4753847, 121.0308079, #ff9900
stop, 14.478235, 120.9940938, #ff9900
stop, 14.529322, 120.9914186, #ff9900
stop, 14.5003458, 121.0374758, #ff9900
stop, 14.443806, 121.025972, #ff9900
stop, 14.4663244, 121.0210486, #ff9900
route, [[14.4507164,121.0078923],[14.4526696,121.0086305],[14.4533346,121.0079181],[14.4536088,121.0074975],[14.4537836,121.0069715],[14.4541742,121.0071002],[14.4563153,121.0074631],[14.4562161,121.0079681],[14.4568947,121.0079911],[14.4573281,121.0091844],[14.4574401,121.010479],[14.4580443,121.0108265],[14.4584957,121.0105162],[14.4588675,121.0102673],[14.4606665,121.0116381],[14.4612733,121.0112204],[14.4617344,121.0109071],[14.4624773,121.0120746],[14.460753,121.0142999]]
route, [[14.4486734,121.0177768],[14.4486613,121.017781],[14.4488214,121.018192],[14.4490034,121.0186336],[14.446967,121.0195262],[14.4466914,121.0190005],[14.445985,121.017781],[14.4452785,121.0169828],[14.4444806,121.0159528],[14.4442876,121.0155617],[14.4441148,121.0151803],[14.4445317,121.0150201],[14.4436673,121.0128228],[14.4434927,121.0123765],[14.4434927,121.0118787],[14.4450201,121.0118211],[14.4476581,121.009674],[14.4480616,121.0100207],[14.4484474,121.0103042],[14.4506333,121.0078237],[14.4507164,121.0078923]]
route, [[14.529322,120.9914186],[14.5285803,120.9915056],[14.5279539,120.9910898],[14.5267017,120.9912542],[14.5261589,120.9919647],[14.5254228,120.9920484],[14.5252482,120.9904161],[14.5252405,120.9902311],[14.5250755,120.9902523],[14.5221719,120.9906443],[14.5220404,120.9906635],[14.5195476,120.9907097],[14.517387,120.9916544],[14.5172146,120.995304],[14.5169627,120.9975927],[14.5202322,120.9993524],[14.5255864,121.0113075],[14.5211269,121.0147398],[14.5173315,121.0196398],[14.5202232,121.0225111],[14.5233053,121.0253394],[14.5233223,121.025487],[14.5223781,121.0270856],[14.4916877,121.0431493],[14.4579568,121.045297],[14.4406514,121.0453094],[14.4226071,121.0421537],[14.4229735,121.0367997],[14.4230038,121.0366427],[14.4230911,121.0362287],[14.4231816,121.0357955],[14.4238672,121.0337858],[14.4240038,121.0331392],[14.4245436,121.0316698],[14.4260547,121.0282759],[14.4261227,121.0281027],[14.4263533,121.027477],[14.426386,121.0273896],[14.4271122,121.0253776],[14.4271407,121.0252897],[14.4274505,121.024093],[14.427461,121.0239652],[14.4274928,121.0238395],[14.4278724,121.022521],[14.4318923,121.0235746],[14.4359122,121.0243413],[14.4353055,121.0213544],[14.4356961,121.0210197],[14.4369346,121.0200498],[14.4382396,121.019243],[14.4414813,121.0173289],[14.4419218,121.0171058],[14.4440579,121.0161359],[14.4444806,121.0159528],[14.4442876,121.0155617],[14.4441148,121.0151803],[14.4445317,121.0150201],[14.4436673,121.0128228],[14.4434927,121.0123765],[14.4434927,121.0118787],[14.4450201,121.0118211],[14.4476581,121.009674],[14.4480616,121.0100207],[14.4484474,121.0103042],[14.4506333,121.0078237],[14.4507164,121.0078923]]
route, [[14.4507164,121.0078923],[14.4506333,121.0078237],[14.4484474,121.0103042],[14.4480616,121.0100207],[14.4476581,121.009674],[14.4450201,121.0118211],[14.4434927,121.0118787],[14.4434927,121.0123765],[14.4436673,121.0128228],[14.4445317,121.0150201],[14.4441148,121.0151803],[14.4442876,121.0155617],[14.4444806,121.0159528],[14.4452785,121.0169828],[14.4448559,121.0171659],[14.4430938,121.0179383],[14.442728,121.0180928],[14.4422958,121.0182645],[14.4421047,121.0196034]]
route, [[14.4507164,121.0078923],[14.4506333,121.0078237],[14.4484474,121.0103042],[14.4480616,121.0100207],[14.4476581,121.009674],[14.4450201,121.0118211],[14.4434927,121.0118787],[14.4434927,121.0123765],[14.4436673,121.0128228],[14.4445317,121.0150201],[14.4441148,121.0151803],[14.4442876,121.0155617],[14.4444806,121.0159528],[14.4452785,121.0169828],[14.445985,121.017781],[14.4466914,121.0190005],[14.446967,121.0195262],[14.4472142,121.0200246],[14.4474412,121.0205207],[14.4475725,121.0210254],[14.4477304,121.022124],[14.4481211,121.0248963],[14.4486373,121.0264135],[14.4489078,121.0269997],[14.4487768,121.0280435],[14.4485615,121.0289928],[14.4484485,121.0295125],[14.4495841,121.0297819],[14.4510371,121.0301024],[14.4518059,121.0300742],[14.4540065,121.0304938],[14.454634,121.0307849],[14.4570762,121.0304434],[14.4580036,121.0315088],[14.4586088,121.0319029],[14.4565452,121.0355069],[14.4562761,121.0361567],[14.4560272,121.0370384],[14.4551635,121.0403944],[14.4548443,121.0415645],[14.4547579,121.0418948],[14.4542785,121.043466],[14.4539352,121.0446573],[14.4540574,121.0446687],[14.4548653,121.0419168],[14.4551738,121.0407925],[14.456038,121.0374643],[14.4612085,121.0395351],[14.4625579,121.0391958],[14.4624988,121.0387417],[14.4617001,121.0386873],[14.4615741,121.0371187],[14.4613344,121.0369637]]
route, [[14.460753,121.0142999],[14.4605307,121.0147699],[14.4614865,121.0157305],[14.4616623,121.0159097],[14.4621899,121.0164502],[14.4626987,121.0169308],[14.4640219,121.0173675],[14.464146,121.0172725],[14.4655889,121.0178206],[14.4651436,121.0188393],[14.4647283,121.0197572],[14.4646062,121.0200106],[14.4630931,121.023118],[14.4623487,121.0246286],[14.4619862,121.0253642],[14.4604641,121.0250376],[14.4582132,121.0249469],[14.4579556,121.0243285],[14.4574652,121.0232728],[14.4569915,121.0222943],[14.4564184,121.0214966],[14.4569865,121.0210632],[14.4577837,121.0203329],[14.4580009,121.020134],[14.4585343,121.020764],[14.4588086,121.019262],[14.4574486,121.0178139]]
route, [[14.4663244,121.0210486],[14.4657696,121.0201575],[14.4652277,121.0199577],[14.4648298,121.0198109],[14.4647283,121.0197572],[14.4646062,121.0200106],[14.4630931,121.023118],[14.4623487,121.0246286],[14.4619862,121.0253642],[14.4604641,121.0250376],[14.4582132,121.0249469],[14.4579556,121.0243285],[14.4574652,121.0232728],[14.4569915,121.0222943],[14.4564184,121.0214966],[14.4569865,121.0210632],[14.4577837,121.0203329],[14.4580009,121.020134],[14.4585343,121.020764],[14.4588086,121.019262],[14.4574486,121.0178139]]
route, [[14.4690011,121.0254642],[14.4686298,121.0252723],[14.4682432,121.0250723],[14.4678438,121.0248658],[14.4674621,121.0246684],[14.4670636,121.0244623],[14.466852,121.0243529],[14.466394,121.024214],[14.4662618,121.0241734],[14.4658656,121.0240685],[14.4656077,121.0239976],[14.4654521,121.0239547],[14.4652662,121.0239036],[14.4631769,121.0232023],[14.4630931,121.023118],[14.4623487,121.0246286],[14.4619862,121.0253642],[14.4604641,121.0250376],[14.4582132,121.0249469],[14.4579556,121.0243285],[14.4574652,121.0232728],[14.4569915,121.0222943],[14.4564184,121.0214966],[14.4569865,121.0210632],[14.4577837,121.0203329],[14.4580009,121.020134],[14.4585343,121.020764],[14.4588086,121.019262],[14.4574486,121.0178139]]
route, [[14.4574486,121.0178139],[14.4588086,121.019262],[14.4585343,121.020764],[14.4580009,121.020134],[14.4577837,121.0203329],[14.4569865,121.0210632],[14.4564184,121.0214966],[14.4563515,121.0215476],[14.4568751,121.0223458],[14.4573633,121.0233303],[14.4578476,121.0243886],[14.4581211,121.0249389],[14.4581207,121.0250397],[14.4582445,121.0250526],[14.460323,121.0252453],[14.4619516,121.0254345],[14.4620694,121.0254417],[14.4620837,121.0254129],[14.462447,121.0246764],[14.4631769,121.0232023],[14.4648298,121.0198109],[14.4657451,121.0178145],[14.465676,121.0176429],[14.464146,121.0172725],[14.4640219,121.0173675],[14.4626987,121.0169308],[14.4621899,121.0164502],[14.4616623,121.0159097],[14.4614865,121.0157305],[14.4605307,121.0147699],[14.4597129,121.0141635],[14.4592422,121.0134751],[14.4590614,121.0129526],[14.4589156,121.012532],[14.4583992,121.0126691],[14.4576127,121.0110777],[14.4571756,121.0114021],[14.4565849,121.0118063],[14.4561029,121.0119888],[14.4555456,121.0120098],[14.455177,121.0144244],[14.4550986,121.0150494],[14.4549572,121.015124]]
route, [[14.4690011,121.0254642],[14.4686298,121.0252723],[14.4682432,121.0250723],[14.4678438,121.0248658],[14.4674621,121.0246684],[14.4670636,121.0244623],[14.466852,121.0243529],[14.466394,121.024214],[14.4663975,121.0236756],[14.4659887,121.0234978],[14.4657929,121.0234029],[14.4656022,121.023317],[14.4652662,121.0239036],[14.4631769,121.0232023],[14.4630931,121.023118],[14.4623487,121.0246286],[14.4619862,121.0253642],[14.4619516,121.0254345],[14.4608218,121.0277136],[14.4607356,121.0278898],[14.4599133,121.0295709],[14.4586088,121.0319029],[14.4565452,121.0355069],[14.4562761,121.0361567],[14.4560272,121.0370384],[14.4551635,121.0403944],[14.4548443,121.0415645],[14.4547579,121.0418948],[14.4542785,121.043466],[14.4539352,121.0446573],[14.4540574,121.0446687],[14.4603415,121.0451495],[14.4620649,121.0451415],[14.4655163,121.0451254],[14.4712654,121.0450778],[14.4759535,121.0450746],[14.4759615,121.0443574],[14.4759991,121.0437997],[14.476344,121.0414683],[14.4763174,121.0394342],[14.476498,121.0377991],[14.4768535,121.0364759],[14.4768701,121.0358062],[14.4767777,121.0353758],[14.4766788,121.0348351],[14.4765096,121.0341144],[14.4759166,121.0338291],[14.4758454,121.0333863],[14.4756866,121.0324694],[14.4753847,121.0308079]]
route, [[14.4663244,121.0210486],[14.4672076,121.0213492],[14.4686672,121.0218461],[14.4677555,121.0233835],[14.4674993,121.0237832],[14.4678136,121.0239037],[14.4682063,121.0240543],[14.4686117,121.0242097],[14.4686298,121.0252723],[14.4690011,121.0254642]]
route, [[14.4613344,121.0369637],[14.4615741,121.0371187],[14.4617001,121.0386873],[14.4624988,121.0387417],[14.4625579,121.0391958],[14.4612085,121.0395351],[14.456038,121.0374643],[14.4561423,121.0370725],[14.456385,121.0361941],[14.4566398,121.0355568],[14.45837,121.0325125],[14.4586849,121.0319561],[14.4592065,121.0310344],[14.4609269,121.0277579],[14.461195,121.0272142],[14.4613802,121.0268386],[14.4616987,121.0261931],[14.4620694,121.0254417],[14.4620837,121.0254129],[14.462447,121.0246764],[14.4631769,121.0232023],[14.4648298,121.0198109],[14.4652277,121.0199577],[14.4657696,121.0201575],[14.4663244,121.0210486],[14.4672076,121.0213492],[14.4686672,121.0218461],[14.4677555,121.0233835],[14.4674993,121.0237832],[14.4678136,121.0239037],[14.4682063,121.0240543],[14.4686117,121.0242097],[14.4686298,121.0252723],[14.4690011,121.0254642]]
route, [[14.4892933,120.9952877],[14.4884479,120.9944127],[14.4877073,120.9936879]]
route, [[14.4877073,120.9936879],[14.4880978,120.9929498],[14.4881538,120.9924926],[14.4881753,120.991974],[14.4882891,120.9914226],[14.4908256,120.9918521],[14.4908552,120.9916922],[14.4915022,120.989368],[14.4916797,120.9888838]]
route, [[14.4833972,121.0105896],[14.4838205,121.0113352],[14.4827184,121.0133431],[14.4817463,121.014352],[14.4814932,121.0148581],[14.4809247,121.014537],[14.4803921,121.0156781],[14.4833066,121.0167044],[14.4827977,121.0184654],[14.4823988,121.0184568],[14.4816114,121.0197045],[14.4811177,121.0206119],[14.4792934,121.0199007],[14.4785286,121.0211644],[14.4788915,121.021418],[14.4779687,121.0229075],[14.4774458,121.0241474],[14.4773241,121.0244824],[14.4772215,121.0247648],[14.4771216,121.02504],[14.4769655,121.0253426],[14.4764495,121.0250883],[14.4763043,121.0255007],[14.4757678,121.0252966],[14.4753423,121.025127],[14.4749239,121.0249676],[14.4744276,121.0247411],[14.4738666,121.0249537],[14.4734046,121.024766],[14.472576,121.0241724],[14.4721242,121.0236298],[14.472592,121.0231059],[14.4711276,121.0225881],[14.4713091,121.0220365],[14.4703291,121.0216908],[14.4688862,121.0211907],[14.4686672,121.0218461],[14.4672076,121.0213492],[14.4663244,121.0210486],[14.4657696,121.0201575],[14.4652277,121.0199577],[14.4662113,121.0179544],[14.4659266,121.0174188],[14.4664616,121.0162914],[14.4668907,121.0153923],[14.4675121,121.0140735],[14.4679912,121.0131397],[14.4681242,121.0129008],[14.4683668,121.0124392],[14.4686547,121.0118835],[14.469258,121.0108817],[14.4696137,121.0102972],[14.4708645,121.0082998],[14.4710625,121.0079847],[14.4722236,121.006085],[14.4726824,121.0053169],[14.4730628,121.0046678],[14.4732551,121.0043191],[14.4734538,121.0040185],[14.4735784,121.0038168],[14.4752063,121.0012587],[14.4755464,121.0008661],[14.4786091,120.9983801],[14.4788859,120.9989168],[14.4793812,120.9998668]]
route, [[14.4793812,120.9998668],[14.4788859,120.9989168],[14.4786091,120.9983801],[14.4794649,120.997839],[14.479404,120.9977454],[14.4767175,120.9995322],[14.4758199,121.0003553],[14.4751143,121.0011642],[14.4746366,121.0006151]]
route, [[14.4793812,120.9998668],[14.4788859,120.9989168],[14.4786091,120.9983801],[14.4794649,120.997839],[14.4799575,120.9975086]]
route, [[14.4793812,120.9998668],[14.4788859,120.9989168],[14.4786091,120.9983801],[14.4794649,120.997839],[14.4799575,120.9975086],[14.480776,120.996941],[14.4820195,120.9960939],[14.4829322,120.9954676],[14.4847352,120.9940899],[14.4858431,120.9915243],[14.4862076,120.9913638],[14.4862825,120.9913381],[14.4881922,120.9914072],[14.4881753,120.991974],[14.4881538,120.9924926],[14.4893688,120.993016],[14.489153,120.9938536],[14.4884479,120.9944127],[14.4892933,120.9952877]]
route, [[14.478235,120.9940938],[14.4781515,120.9950417],[14.4799601,120.9959107],[14.4803117,120.9961873],[14.4807232,120.9968676],[14.479404,120.9977454],[14.4767175,120.9995322],[14.4758199,121.0003553],[14.4751143,121.0011642],[14.4752063,121.0012587],[14.4755464,121.0008661],[14.4786091,120.9983801],[14.4788859,120.9989168],[14.4793812,120.9998668]]
route, [[14.4955052,121.0098173],[14.4958869,121.009921],[14.4963038,121.0102251],[14.4962277,121.0109711],[14.4966443,121.0112198],[14.496636,121.0135956],[14.4976639,121.013101],[14.4980948,121.0128573],[14.4994923,121.0113681],[14.4996829,121.0109044],[14.4997395,121.0104504],[14.4999802,121.0086932],[14.5004253,121.0081223],[14.5005033,121.0080063],[14.4989514,121.0052479],[14.4987196,121.0050788],[14.4961543,121.0002343],[14.4949337,120.997984],[14.4922319,120.996143],[14.4919128,120.9958252],[14.4924147,120.9954614],[14.4927461,120.9952861],[14.4921989,120.9939156],[14.4922091,120.992077],[14.4922327,120.9919303],[14.4908552,120.9916922],[14.4915022,120.989368],[14.4916797,120.9888838],[14.4921476,120.9877969],[14.4942935,120.9874004],[14.4968839,120.9884094],[14.5040404,120.9905598],[14.5045327,120.9905324],[14.5059202,120.9878016],[14.5060114,120.9876057],[14.5063596,120.9868518],[14.5084338,120.9877133],[14.5112191,120.9886275],[14.5114207,120.9878821],[14.5137616,120.9885482]]
route, [[14.5137616,120.9885482],[14.5114207,120.9878821],[14.5112191,120.9886275],[14.5109765,120.9894529],[14.5109242,120.989632],[14.51473,120.9904748],[14.5167003,120.9907324],[14.5171791,120.9907901],[14.5174486,120.9908123],[14.5174587,120.9905874],[14.5175521,120.9872886],[14.5155637,120.9835367],[14.5168512,120.9813841],[14.5171487,120.9809828],[14.5172912,120.9807749],[14.5170288,120.9808138],[14.5165835,120.9814075]]
route, [[14.509363,120.9852466],[14.5100918,120.9855757],[14.5119438,120.9864515],[14.5116721,120.987147],[14.5135721,120.9874591],[14.5137616,120.9885482]]
route, [[14.5053716,121.0357597],[14.4893805,121.0443161],[14.4867986,121.0446255],[14.4867636,121.044496],[14.486173,121.0426435],[14.485816,121.0415286],[14.4857369,121.0415113],[14.4940549,121.0419573],[14.5122987,121.0327814],[14.5138999,121.0318072],[14.5207585,121.0280996],[14.5229071,121.0270379],[14.5213064,121.0234164],[14.5178982,121.0200952],[14.5212338,121.0148764],[14.5207819,120.9991505],[14.517055,120.9971289],[14.517291,120.9953025],[14.5161024,120.9929719],[14.5045327,120.9905324],[14.5059202,120.9878016],[14.5060114,120.9876057],[14.5063596,120.9868518],[14.5084338,120.9877133],[14.5112191,120.9886275],[14.5114207,120.9878821],[14.5137616,120.9885482]]
route, [[14.4421047,121.0196034],[14.4422958,121.0182645],[14.442728,121.0180928],[14.4430938,121.0179383],[14.4448559,121.0171659],[14.4452785,121.0169828],[14.445985,121.017781],[14.4466914,121.0190005],[14.446967,121.0195262],[14.4490034,121.0186336],[14.4488214,121.018192],[14.4486613,121.017781],[14.4486734,121.0177768]]
route, [[14.446891,121.0233428],[14.4465502,121.0225532],[14.4466665,121.0222184],[14.4475725,121.0210254],[14.4474412,121.0205207],[14.4472142,121.0200246],[14.446967,121.0195262],[14.4466914,121.0190005],[14.445985,121.017781],[14.4452785,121.0169828],[14.4448559,121.0171659],[14.4430938,121.0179383],[14.442728,121.0180928],[14.4422958,121.0182645],[14.4421047,121.0196034]]
route, [[14.4421047,121.0196034],[14.4422958,121.0182645],[14.442728,121.0180928],[14.4430938,121.0179383],[14.4436091,121.018213],[14.4435675,121.0185906],[14.4431021,121.0202815],[14.4426865,121.0203931],[14.4416558,121.0206077],[14.4418054,121.0210969],[14.4402844,121.0216891],[14.4399519,121.0218179],[14.4395197,121.0219295]]
route, [[14.5053716,121.0357597],[14.4893805,121.0443161],[14.4867986,121.0446255],[14.4867636,121.044496],[14.4805881,121.0450372],[14.4778179,121.0450746],[14.4759535,121.0450746],[14.4712654,121.0450778],[14.4655163,121.0451254],[14.4658049,121.0441432]]
route, [[14.5053716,121.0357597],[14.4893805,121.0443161],[14.4867986,121.0446255],[14.4867636,121.044496],[14.4878597,121.0442856],[14.4884377,121.044241],[14.4904282,121.0436174],[14.4937648,121.041811],[14.4994673,121.0387899],[14.5004003,121.0382903],[14.5088408,121.0335797],[14.510655,121.0324164],[14.5108495,121.0323004],[14.5109167,121.0322536],[14.5109418,121.0322404],[14.50683,121.0256498],[14.5057907,121.0237872],[14.5005033,121.0080063],[14.5004253,121.0081223],[14.5013452,121.0097804],[14.5015273,121.010114],[14.501654,121.0103309],[14.5017746,121.0105408],[14.5018959,121.0107458],[14.5020087,121.0109497],[14.5020139,121.0111299],[14.5024172,121.011838]]
route, [[14.5053716,121.0357597],[14.4893805,121.0443161],[14.4867986,121.0446255],[14.4870918,121.0454707],[14.4874939,121.046557],[14.4875173,121.0466787],[14.4875963,121.0469204],[14.4879023,121.0470272],[14.4879573,121.0469493],[14.4882699,121.0468247],[14.488996,121.0470316],[14.4939616,121.0424704],[14.4953272,121.0417311],[14.5029846,121.0376064],[14.5040596,121.0370059]]
route, [[14.5003458,121.0374758],[14.5004003,121.0382903],[14.4994673,121.0387899],[14.4937648,121.041811],[14.4904282,121.0436174],[14.4884377,121.044241],[14.4878597,121.0442856],[14.4867636,121.044496],[14.4867986,121.0446255],[14.4870918,121.0454707],[14.4894124,121.0444877],[14.5054534,121.0358924],[14.5053716,121.0357597]]
route, [[14.4707913,121.0158253],[14.4711632,121.0160237],[14.4717902,121.0163713],[14.4728268,121.0169244],[14.4730472,121.0165193],[14.4732641,121.0160831],[14.4734638,121.0156676],[14.4741291,121.0155577],[14.4744238,121.0157295],[14.4759828,121.0169861]]
route, [[14.4810654,121.0128117],[14.4809836,121.0133],[14.4806998,121.0137472],[14.4804297,121.0142477],[14.4809247,121.014537],[14.4803921,121.0156781],[14.4833066,121.0167044],[14.4827977,121.0184654],[14.4823988,121.0184568],[14.4816114,121.0197045],[14.4811177,121.0206119],[14.4792934,121.0199007],[14.4785286,121.0211644],[14.4788915,121.021418],[14.4779687,121.0229075],[14.4774458,121.0241474],[14.4773241,121.0244824],[14.4772215,121.0247648],[14.4771216,121.02504],[14.4769655,121.0253426],[14.4764495,121.0250883],[14.4763043,121.0255007],[14.4757678,121.0252966],[14.4753423,121.025127],[14.4749239,121.0249676],[14.4744276,121.0247411],[14.4738666,121.0249537],[14.4734046,121.024766],[14.472576,121.0241724],[14.4721242,121.0236298],[14.472592,121.0231059],[14.4711276,121.0225881],[14.4713091,121.0220365],[14.4703291,121.0216908],[14.4705154,121.0211646],[14.4706843,121.0206059],[14.4708995,121.0200095],[14.471065,121.0195099],[14.4712045,121.0190147],[14.4710499,121.0178413],[14.4713448,121.0172425],[14.4717902,121.0163713],[14.4728268,121.0169244],[14.4730472,121.0165193],[14.4732641,121.0160831],[14.4734638,121.0156676],[14.4741291,121.0155577],[14.4744238,121.0157295],[14.4759828,121.0169861]]
route, [[14.4759828,121.0169861],[14.4744238,121.0157295],[14.4741291,121.0155577],[14.4734638,121.0156676],[14.4732641,121.0160831],[14.4730472,121.0165193],[14.4721519,121.016045]]
route, [[14.509363,120.9852466],[14.5091407,120.9857798],[14.5087072,120.9869551],[14.5084338,120.9877133],[14.5112191,120.9886275],[14.5109765,120.9894529],[14.5109242,120.989632],[14.51473,120.9904748],[14.5167003,120.9907324],[14.5171791,120.9907901],[14.5174486,120.9908123],[14.5174587,120.9905874],[14.5175521,120.9872886],[14.5155637,120.9835367],[14.5168512,120.9813841],[14.5171487,120.9809828],[14.5172912,120.9807749],[14.5170288,120.9808138],[14.5165835,120.9814075]]
route, [[14.4395197,121.0219295],[14.4399519,121.0218179],[14.4402844,121.0216891],[14.4418054,121.0210969],[14.4419538,121.0215575],[14.4420911,121.0225017],[14.4449273,121.0226259],[14.4454657,121.0226219],[14.4449333,121.0240457],[14.4448585,121.0245008],[14.4449135,121.0250919],[14.4475393,121.0249478],[14.4481211,121.0248963],[14.4486373,121.0264135],[14.4489078,121.0269997],[14.4487768,121.0280435],[14.4485615,121.0289928],[14.4484485,121.0295125],[14.4495841,121.0297819],[14.4510371,121.0301024],[14.4518059,121.0300742],[14.4540065,121.0304938],[14.454634,121.0307849],[14.4560055,121.0310853],[14.4580036,121.0315088],[14.4586088,121.0319029],[14.4565452,121.0355069],[14.4562761,121.0361567],[14.4560272,121.0370384],[14.4551635,121.0403944],[14.4548443,121.0415645],[14.4547579,121.0418948],[14.4576139,121.0453424],[14.4940549,121.0419573],[14.5122987,121.0327814],[14.5138999,121.0318072],[14.5207585,121.0280996],[14.5229071,121.0270379],[14.5213064,121.0234164],[14.5178982,121.0200952],[14.5212338,121.0148764],[14.5207819,120.9991505],[14.517055,120.9971289],[14.517291,120.9953025],[14.5161024,120.9929719],[14.5045327,120.9905324],[14.5059202,120.9878016],[14.5060114,120.9876057],[14.5063596,120.9868518],[14.5084338,120.9877133],[14.5087072,120.9869551],[14.5091407,120.9857798],[14.509363,120.9852466]]
route, [[14.4916797,120.9888838],[14.4921476,120.9877969],[14.4942935,120.9874004],[14.4968839,120.9884094],[14.5040404,120.9905598],[14.5045327,120.9905324],[14.5059202,120.9878016],[14.5060114,120.9876057],[14.5063596,120.9868518],[14.5084338,120.9877133],[14.5087072,120.9869551],[14.5091407,120.9857798],[14.509363,120.9852466]]
route, [[14.4799575,120.9975086],[14.480776,120.996941],[14.4807232,120.9968676],[14.4803117,120.9961873],[14.4799601,120.9959107],[14.4781515,120.9950417],[14.478235,120.9940938]]
route, [[14.460753,121.0142999],[14.4605307,121.0147699],[14.4597129,121.0141635],[14.4592422,121.0134751],[14.4590614,121.0129526],[14.4589156,121.012532],[14.4583992,121.0126691],[14.4576127,121.0110777],[14.4571756,121.0114021],[14.4565849,121.0118063],[14.4561029,121.0119888],[14.4558802,121.0141328],[14.455177,121.0144244],[14.4550986,121.0150494],[14.4550057,121.0156574],[14.4549258,121.0159786],[14.4543276,121.0168624],[14.4518145,121.0180696],[14.4492099,121.0191543],[14.4494177,121.0196607],[14.4474412,121.0205207],[14.4475725,121.0210254],[14.4466665,121.0222184],[14.4465502,121.0225532],[14.446891,121.0233428]]
route, [[14.5001178,120.9950569],[14.4990831,120.9947411],[14.4959539,120.9925505],[14.4959358,120.9926661],[14.4991865,120.9956773],[14.5003208,120.9973659],[14.5023707,120.9987123]]
route, [[14.4916797,120.9888838],[14.4945313,120.9899078],[14.494352,120.9903152],[14.4974802,120.9914521],[14.4959539,120.9925505],[14.4959358,120.9926661],[14.4991865,120.9956773],[14.5003208,120.9973659],[14.5023707,120.9987123],[14.5051356,121.0005151],[14.5052437,121.000329],[14.5024422,120.9985867],[14.4993105,120.9956367],[14.4990831,120.9947411],[14.5001178,120.9950569]]
route, [[14.4549572,121.015124],[14.4550986,121.0150494],[14.4550057,121.0156574],[14.4549258,121.0159786],[14.4543276,121.0168624],[14.4518145,121.0180696],[14.4492099,121.0191543],[14.4490034,121.0186336],[14.4488214,121.018192],[14.4486613,121.017781],[14.4486734,121.0177768]]
route, [[14.4570166,121.0185253],[14.4565387,121.0189314],[14.4557667,121.0196739],[14.4551298,121.0205433],[14.4551131,121.0206721],[14.4563515,121.0215476],[14.4568751,121.0223458],[14.4573633,121.0233303],[14.4578476,121.0243886],[14.4581211,121.0249389],[14.4581207,121.0250397],[14.4582445,121.0250526],[14.460323,121.0252453],[14.4619516,121.0254345],[14.4620694,121.0254417],[14.4620837,121.0254129],[14.462447,121.0246764],[14.4631769,121.0232023],[14.4648298,121.0198109],[14.4657451,121.0178145],[14.465676,121.0176429],[14.464146,121.0172725],[14.4640219,121.0173675],[14.4626987,121.0169308],[14.4621899,121.0164502],[14.4616623,121.0159097],[14.4614865,121.0157305],[14.4605307,121.0147699],[14.4597129,121.0141635],[14.4592422,121.0134751],[14.4590614,121.0129526],[14.4589156,121.012532],[14.4583992,121.0126691],[14.4576127,121.0110777],[14.4571756,121.0114021],[14.4565849,121.0118063],[14.4561029,121.0119888],[14.4555456,121.0120098],[14.455177,121.0144244],[14.4550986,121.0150494],[14.4549572,121.015124]]
route, [[14.4753847,121.0308079],[14.4756866,121.0324694],[14.4758454,121.0333863],[14.4759166,121.0338291],[14.4765096,121.0341144],[14.4766788,121.0348351],[14.4767777,121.0353758],[14.4768701,121.0358062],[14.4768535,121.0364759],[14.476498,121.0377991],[14.4769774,121.0378595],[14.4774207,121.0379154],[14.4776897,121.0368897],[14.4778013,121.0362894],[14.4799329,121.0361329],[14.480739,121.0360127],[14.4811235,121.0355229],[14.481541,121.0354568],[14.4823554,121.0352336],[14.4825488,121.0347295],[14.481301,121.0336625],[14.4813633,121.0333299],[14.4814805,121.0327588],[14.4810364,121.0325832],[14.4809026,121.0325373],[14.4801074,121.0330086],[14.4801116,121.0334226]]
route, [[14.4801116,121.0334226],[14.4801074,121.0330086],[14.4809026,121.0325373],[14.4810364,121.0325832],[14.4814805,121.0327588],[14.4813633,121.0333299],[14.481301,121.0336625],[14.4825488,121.0347295],[14.4831429,121.0349614],[14.4828347,121.0358079],[14.4824183,121.0369628],[14.4845354,121.0381193],[14.4846061,121.0383708],[14.4852376,121.038223],[14.4864966,121.0390549],[14.4868668,121.0383876],[14.4875193,121.035551],[14.4879845,121.0356953],[14.4885197,121.0358475]]
route, [[14.4955052,121.0098173],[14.4952677,121.0107174],[14.4948385,121.0107168],[14.4943755,121.0106785],[14.493944,121.0105895],[14.4937508,121.0098066],[14.4923836,121.009444],[14.4924629,121.0111736],[14.492485,121.0115202],[14.4920713,121.0115218],[14.4919585,121.0130092],[14.4918955,121.0147153],[14.4909382,121.0172248],[14.4905046,121.0179251],[14.489695,121.018779],[14.4895652,121.019088],[14.4882325,121.0206884],[14.4878526,121.0208963],[14.4876751,121.0209934],[14.4870193,121.0213665],[14.4866779,121.0214483],[14.4862478,121.02164],[14.4858002,121.0218547],[14.4853239,121.0220954],[14.4851162,121.0182446],[14.4846793,121.0182471],[14.4847235,121.0177331],[14.4842599,121.0177235],[14.4835947,121.0200297],[14.4831346,121.0198665],[14.483831,121.0155276],[14.4839639,121.0140998],[14.4835213,121.0138312],[14.4831751,121.0136205],[14.4827184,121.0133431],[14.4838205,121.0113352],[14.4833972,121.0105896]]
route, [[14.4658049,121.0441432],[14.4655163,121.0451254],[14.4712654,121.0450778],[14.4759535,121.0450746],[14.4778179,121.0450746],[14.4805881,121.0450372],[14.4867636,121.044496],[14.4878597,121.0442856],[14.4884377,121.044241],[14.4904282,121.0436174],[14.4937648,121.041811],[14.4994673,121.0387899],[14.5004003,121.0382903],[14.5088408,121.0335797],[14.510655,121.0324164],[14.5108495,121.0323004],[14.5109167,121.0322536],[14.5109418,121.0322404],[14.50683,121.0256498],[14.5057907,121.0237872],[14.5005033,121.0080063],[14.5004253,121.0081223],[14.4999802,121.0086932],[14.4997395,121.0104504],[14.4996829,121.0109044],[14.4994923,121.0113681],[14.4980948,121.0128573],[14.4976639,121.013101],[14.496636,121.0135956],[14.4966443,121.0112198],[14.4962277,121.0109711],[14.4963038,121.0102251],[14.4958869,121.009921],[14.4955052,121.0098173]]
route, [[14.4955052,121.0098173],[14.4952677,121.0107174],[14.4948385,121.0107168],[14.4943755,121.0106785],[14.493944,121.0105895],[14.4937508,121.0098066],[14.4923836,121.009444],[14.4924629,121.0111736],[14.492485,121.0115202],[14.4920713,121.0115218],[14.4919585,121.0130092],[14.4918955,121.0147153],[14.4909382,121.0172248],[14.4905046,121.0179251],[14.489695,121.018779],[14.4895652,121.019088],[14.4882325,121.0206884],[14.4885652,121.0215921],[14.4882124,121.0226575],[14.4879929,121.0233688],[14.4884294,121.0234846],[14.4895194,121.0219724],[14.4899265,121.0221203],[14.4900684,121.0235083],[14.4905338,121.0237512],[14.4904461,121.0240097],[14.4920213,121.0248472],[14.4924415,121.0248689],[14.4928273,121.0248987],[14.4928458,121.025448],[14.4924783,121.0284693],[14.4933179,121.030067],[14.4935997,121.0300577],[14.4936502,121.0310843],[14.4936584,121.0318739],[14.4939415,121.0318871],[14.4942065,121.0318994],[14.4946805,121.0318853]]
route, [[14.529322,120.9914186],[14.5285803,120.9915056],[14.5279539,120.9910898],[14.5267017,120.9912542],[14.5261589,120.9919647],[14.5254228,120.9920484],[14.5252482,120.9904161],[14.5252405,120.9902311],[14.5250755,120.9902523],[14.5221719,120.9906443],[14.5220404,120.9906635],[14.5195476,120.9907097],[14.517387,120.9916544],[14.5172146,120.995304],[14.5169627,120.9975927],[14.5202322,120.9993524],[14.5255864,121.0113075],[14.5211269,121.0147398],[14.5173315,121.0196398],[14.5202232,121.0225111],[14.5233053,121.0253394],[14.5233487,121.0251813],[14.5232617,121.0253282],[14.5229975,121.0258007],[14.5178488,121.0285327],[14.5109418,121.0322404],[14.50683,121.0256498],[14.5057907,121.0237872],[14.5005033,121.0080063],[14.5004253,121.0081223],[14.4999802,121.0086932],[14.4997395,121.0104504],[14.4996829,121.0109044],[14.4994923,121.0113681],[14.4980948,121.0128573],[14.4976639,121.013101],[14.496636,121.0135956],[14.4966443,121.0112198],[14.4962277,121.0109711],[14.4963038,121.0102251],[14.4958869,121.009921],[14.4955052,121.0098173]]
route, [[14.5024172,121.011838],[14.5020139,121.0111299],[14.5018212,121.0120589],[14.5006391,121.0125495],[14.499488,121.0138254],[14.4996999,121.0142293],[14.4998815,121.0146256],[14.4991891,121.0148185],[14.4986233,121.0149972],[14.4984304,121.014484],[14.4982246,121.0140351],[14.4978813,121.0134774],[14.4976639,121.013101],[14.496636,121.0135956],[14.4966443,121.0112198],[14.4962277,121.0109711],[14.4963038,121.0102251],[14.4958869,121.009921],[14.4955052,121.0098173]]
route, [[14.5078973,121.0084733],[14.5080481,121.0079135],[14.5082621,121.0074122],[14.5083346,121.0067911],[14.5083876,121.0062006],[14.509495,121.0056475],[14.5103152,121.0057344],[14.5106474,121.006015],[14.5108713,121.0062655],[14.5120763,121.0062436],[14.5123512,121.006327],[14.5126045,121.007535],[14.5126469,121.0077214],[14.515357,121.0043538],[14.5154233,121.0042216],[14.5165151,121.0020311],[14.5170576,121.000011],[14.5202322,120.9993524],[14.5255864,121.0113075],[14.5211269,121.0147398],[14.5173315,121.0196398],[14.5202232,121.0225111],[14.5233053,121.0253394],[14.5233487,121.0251813],[14.5232617,121.0253282],[14.5229975,121.0258007],[14.5178488,121.0285327],[14.5109418,121.0322404],[14.50683,121.0256498],[14.5057907,121.0237872],[14.5005033,121.0080063],[14.5004253,121.0081223],[14.4999802,121.0086932],[14.4997395,121.0104504],[14.4996829,121.0109044],[14.4994923,121.0113681],[14.4980948,121.0128573],[14.4976639,121.013101],[14.496636,121.0135956],[14.4966443,121.0112198],[14.4962277,121.0109711],[14.4963038,121.0102251],[14.4958869,121.009921],[14.4955052,121.0098173]]
route, [[14.4746366,121.0006151],[14.4751143,121.0011642],[14.4752063,121.0012587],[14.4755464,121.0008661],[14.4786091,120.9983801],[14.4794649,120.997839],[14.479404,120.9977454],[14.4787382,120.9972926]]
route, [[14.4787382,120.9972926],[14.479404,120.9977454],[14.4794649,120.997839],[14.4799575,120.9975086],[14.480776,120.996941],[14.4807232,120.9968676],[14.4803117,120.9961873],[14.4799601,120.9959107],[14.4781515,120.9950417],[14.478235,120.9940938]]
route, [[14.5078973,121.0084733],[14.5080481,121.0079135],[14.5082621,121.0074122],[14.5083346,121.0067911],[14.5083876,121.0062006],[14.509495,121.0056475],[14.5103152,121.0057344],[14.5106474,121.006015],[14.5108713,121.0062655],[14.5120763,121.0062436],[14.5123512,121.006327],[14.5126045,121.007535],[14.5126469,121.0077214],[14.515357,121.0043538],[14.5154233,121.0042216],[14.5165151,121.0020311],[14.5170576,121.000011],[14.5202322,120.9993524],[14.5255864,121.0113075],[14.5211269,121.0147398],[14.5173315,121.0196398],[14.5202232,121.0225111],[14.5233053,121.0253394],[14.5233487,121.0251813],[14.5232617,121.0253282],[14.5229975,121.0258007],[14.5178488,121.0285327],[14.5109418,121.0322404],[14.50683,121.0256498],[14.5057907,121.0237872],[14.5005033,121.0080063],[14.5004253,121.0081223],[14.5013452,121.0097804],[14.5015273,121.010114],[14.501654,121.0103309],[14.5017746,121.0105408],[14.5018959,121.0107458],[14.5020087,121.0109497],[14.5020139,121.0111299],[14.5024172,121.011838]]
route, [[14.4721519,121.016045],[14.4730472,121.0165193],[14.4728268,121.0169244],[14.4717902,121.0163713],[14.4713448,121.0172425],[14.4710499,121.0178413],[14.4712045,121.0190147],[14.471065,121.0195099],[14.4708995,121.0200095],[14.4706843,121.0206059],[14.4705154,121.0211646],[14.4703291,121.0216908],[14.4713091,121.0220365],[14.4711276,121.0225881],[14.472592,121.0231059],[14.4721242,121.0236298],[14.472576,121.0241724],[14.4734046,121.024766],[14.4738666,121.0249537],[14.4744276,121.0247411],[14.4749239,121.0249676],[14.4753423,121.025127],[14.4757678,121.0252966],[14.4763043,121.0255007],[14.4764495,121.0250883],[14.4769655,121.0253426],[14.4771216,121.02504],[14.4772215,121.0247648],[14.4773241,121.0244824],[14.4774458,121.0241474],[14.4779687,121.0229075],[14.4788915,121.021418],[14.4785286,121.0211644],[14.4792934,121.0199007],[14.4811177,121.0206119],[14.4816114,121.0197045],[14.4823988,121.0184568],[14.4827977,121.0184654],[14.4833066,121.0167044],[14.4803921,121.0156781],[14.4809247,121.014537],[14.4814932,121.0148581],[14.4817463,121.014352],[14.4827184,121.0133431],[14.4838205,121.0113352],[14.4833972,121.0105896]]
route, [[14.4721519,121.016045],[14.4730472,121.0165193],[14.4728268,121.0169244],[14.4717902,121.0163713],[14.4713448,121.0172425],[14.4710499,121.0178413],[14.4712045,121.0190147],[14.471065,121.0195099],[14.4708995,121.0200095],[14.4706843,121.0206059],[14.4691291,121.0204371],[14.4688862,121.0211907],[14.4686672,121.0218461],[14.4672076,121.0213492],[14.4663244,121.0210486]]
route, [[14.5040596,121.0370059],[14.5029846,121.0376064],[14.4953272,121.0417311],[14.4939616,121.0424704],[14.488996,121.0470316],[14.4882699,121.0468247],[14.4878556,121.0466962],[14.4877602,121.0466817],[14.4874939,121.046557],[14.4870918,121.0454707],[14.4867986,121.0446255],[14.4867636,121.044496],[14.4878597,121.0442856],[14.4884377,121.044241],[14.4904282,121.0436174],[14.4937648,121.041811],[14.4994673,121.0387899],[14.4977642,121.0355265],[14.4976555,121.0348237],[14.4974825,121.0324247],[14.497026,121.0325985],[14.4970288,121.0332746],[14.4957982,121.0331691],[14.4952679,121.0331122],[14.4952871,121.0326492],[14.4950133,121.0326569],[14.4950056,121.0321571],[14.4947559,121.0321768],[14.4946805,121.0318853]]
route, [[14.5078824,121.0055074],[14.5078732,121.0061198],[14.5077342,121.007905],[14.5080481,121.0079135],[14.5078973,121.0084733]]
route, [[14.4813674,120.9953854],[14.4799601,120.9959107],[14.4781515,120.9950417],[14.478235,120.9940938]]
route, [[14.4892933,120.9952877],[14.4884479,120.9944127],[14.489153,120.9938536],[14.4893688,120.993016],[14.4881538,120.9924926],[14.4881753,120.991974],[14.4882891,120.9914226],[14.4882379,120.991292],[14.4874688,120.991198],[14.4861614,120.9912447],[14.4857928,120.991419],[14.4849194,120.9926448],[14.4848229,120.993335],[14.4828641,120.9953688],[14.4819661,120.9960158],[14.4807232,120.9968676],[14.4803117,120.9961873],[14.4799601,120.9959107],[14.4813674,120.9953854]]
route, [[14.4720469,121.0245486],[14.4725112,121.0246545],[14.4726543,121.0242665],[14.472576,121.0241724],[14.4721242,121.0236298],[14.472592,121.0231059],[14.4711276,121.0225881],[14.4713091,121.0220365],[14.4703291,121.0216908],[14.4688862,121.0211907],[14.4686672,121.0218461],[14.4672076,121.0213492],[14.4663244,121.0210486]]
route, [[14.4720469,121.0245486],[14.4725112,121.0246545],[14.4726543,121.0242665],[14.472576,121.0241724],[14.4734046,121.024766],[14.4738666,121.0249537],[14.4744276,121.0247411],[14.4749239,121.0249676],[14.4753423,121.025127],[14.4757678,121.0252966],[14.4763043,121.0255007],[14.4762147,121.02574],[14.4758913,121.0272],[14.4781133,121.0282926],[14.4781726,121.0280927],[14.4786121,121.0281698],[14.4782812,121.0293033],[14.4781655,121.0297153],[14.4805532,121.0294833],[14.4805622,121.0299581],[14.4839021,121.0313579],[14.4828023,121.0342534],[14.4833162,121.0344827],[14.4831429,121.0349614],[14.4828347,121.0358079],[14.4822098,121.0359234],[14.4810249,121.0360914],[14.480739,121.0360127],[14.4799329,121.0361329],[14.4778013,121.0362894],[14.4776897,121.0368897],[14.4774207,121.0379154],[14.4769774,121.0378595],[14.476498,121.0377991],[14.4768535,121.0364759],[14.4768701,121.0358062],[14.4767777,121.0353758],[14.4766788,121.0348351],[14.4765096,121.0341144],[14.4759166,121.0338291],[14.4758454,121.0333863],[14.4756866,121.0324694],[14.4753847,121.0308079]]
route, [[14.4783131,121.030785],[14.4779064,121.0306381],[14.4780189,121.030194],[14.4781655,121.0297153],[14.4782812,121.0293033],[14.4786121,121.0281698],[14.4781726,121.0280927],[14.4781133,121.0282926],[14.4758913,121.0272],[14.4762147,121.02574],[14.4763043,121.0255007],[14.4757678,121.0252966],[14.4753423,121.025127],[14.4749239,121.0249676],[14.4744276,121.0247411],[14.4738666,121.0249537],[14.4734046,121.024766],[14.472576,121.0241724],[14.4726543,121.0242665],[14.4725112,121.0246545],[14.4720469,121.0245486]]
route, [[14.4746366,121.0006151],[14.4751143,121.0011642],[14.4744792,121.0020976],[14.4739828,121.0028989],[14.4730967,121.0043918],[14.4726589,121.0051284],[14.472134,121.0060233],[14.4710181,121.0078296],[14.470969,121.0079061],[14.4685351,121.011818],[14.4679093,121.0130496],[14.4678853,121.0130969],[14.4675044,121.01387],[14.4674228,121.0140295],[14.4667921,121.0153269],[14.465676,121.0176429],[14.4655889,121.0178206],[14.4657451,121.0178145],[14.4659266,121.0174188],[14.4662113,121.0179544],[14.4652277,121.0199577],[14.4657696,121.0201575],[14.4663244,121.0210486],[14.4672076,121.0213492],[14.4686672,121.0218461],[14.4688862,121.0211907],[14.4703291,121.0216908],[14.4713091,121.0220365],[14.4711276,121.0225881],[14.472592,121.0231059],[14.4721242,121.0236298],[14.472576,121.0241724],[14.4734046,121.024766],[14.4738666,121.0249537],[14.4744276,121.0247411],[14.4749239,121.0249676],[14.4753423,121.025127],[14.4757678,121.0252966],[14.4763043,121.0255007],[14.4764495,121.0250883],[14.4769655,121.0253426],[14.4771216,121.02504],[14.4772215,121.0247648],[14.4773241,121.0244824],[14.4774458,121.0241474],[14.4779687,121.0229075],[14.4788915,121.021418],[14.4785286,121.0211644],[14.4792934,121.0199007],[14.4811177,121.0206119],[14.4816114,121.0197045],[14.4823988,121.0184568],[14.4827977,121.0184654],[14.4833066,121.0167044],[14.4803921,121.0156781],[14.4809247,121.014537],[14.4804297,121.0142477],[14.4806998,121.0137472],[14.4809836,121.0133],[14.4810654,121.0128117]]
route, [[14.4746366,121.0006151],[14.4751143,121.0011642],[14.4744792,121.0020976],[14.4739828,121.0028989],[14.4730967,121.0043918],[14.4726589,121.0051284],[14.472134,121.0060233],[14.4710181,121.0078296],[14.470969,121.0079061],[14.4685351,121.011818],[14.4682095,121.0115331],[14.4673957,121.0101031],[14.4668627,121.0100428],[14.4662788,121.0105458],[14.4659477,121.0107973],[14.4655247,121.0111185],[14.4647378,121.0110951],[14.4638071,121.0121544],[14.4624773,121.0120746],[14.460753,121.0142999]]
route, [[14.478235,120.9940938],[14.4781515,120.9950417],[14.4799601,120.9959107],[14.4803117,120.9961873],[14.4807232,120.9968676],[14.479404,120.9977454],[14.4767175,120.9995322],[14.4758199,121.0003553],[14.4751143,121.0011642],[14.4746366,121.0006151]]
route, [[14.4746366,121.0006151],[14.4751143,121.0011642],[14.4752063,121.0012587],[14.4755464,121.0008661],[14.4786091,120.9983801],[14.4794649,120.997839],[14.4799575,120.9975086],[14.480776,120.996941],[14.4820195,120.9960939],[14.4829322,120.9954676],[14.4847352,120.9940899],[14.4852528,120.9937245],[14.4856595,120.9935054],[14.4862825,120.9913381],[14.4881922,120.9914072],[14.4881753,120.991974],[14.4881538,120.9924926],[14.4893688,120.993016],[14.489153,120.9938536],[14.4884479,120.9944127],[14.4892933,120.9952877]]
route, [[14.5165835,120.9814075],[14.5153965,120.9834809],[14.5155637,120.9835367],[14.5168512,120.9813841],[14.5174275,120.9813321],[14.5220749,120.9853342],[14.5227803,120.9856324],[14.5234995,120.9855413],[14.5245555,120.9854018],[14.5247238,120.9853844],[14.5247039,120.9851796],[14.5245342,120.9851997]]
route, [[14.5023707,120.9987123],[14.5051356,121.0005151],[14.5081863,121.0018147],[14.5084512,121.0019315],[14.5110617,121.0028055],[14.5109801,121.0030447],[14.5105371,121.0033636],[14.5090843,121.004263],[14.5101693,121.0049136],[14.5106318,121.0053559],[14.5106474,121.006015],[14.5103152,121.0057344],[14.509495,121.0056475],[14.5084118,121.0055464],[14.5078824,121.0055074]]
route, [[14.4885197,121.0358475],[14.4879845,121.0356953],[14.489258,121.0336479],[14.488891,121.0332299],[14.488548,121.0329502],[14.4888661,121.0325741],[14.4898176,121.032584],[14.490115,121.0323564],[14.4913864,121.0327169],[14.4924783,121.0284693],[14.4933179,121.030067],[14.4935997,121.0300577],[14.4936502,121.0310843],[14.4936584,121.0318739],[14.4939415,121.0318871],[14.4942065,121.0318994],[14.4946805,121.0318853]]
route, [[14.4885197,121.0358475],[14.4879845,121.0356953],[14.4875193,121.035551],[14.4868668,121.0383876],[14.4864966,121.0390549],[14.4852376,121.038223],[14.4846061,121.0383708],[14.4845354,121.0381193],[14.4824183,121.0369628],[14.4828347,121.0358079],[14.4831429,121.0349614],[14.4825488,121.0347295],[14.481301,121.0336625],[14.4813633,121.0333299],[14.4810578,121.0332511],[14.4807,121.0337912]]
route, [[14.4658049,121.0441432],[14.4664572,121.042038],[14.4665343,121.0417872],[14.4662702,121.0396077],[14.4655198,121.039313],[14.464939,121.0390883],[14.4627246,121.0386487],[14.4624988,121.0387417],[14.4617001,121.0386873],[14.4615741,121.0371187],[14.4613344,121.0369637]]
route, [[14.4395197,121.0219295],[14.4399519,121.0218179],[14.4402844,121.0216891],[14.4418054,121.0210969],[14.4419538,121.0215575],[14.4420911,121.0225017],[14.4449273,121.0226259],[14.4454657,121.0226219],[14.4449333,121.0240457],[14.4448585,121.0245008],[14.4449135,121.0250919],[14.4475393,121.0249478],[14.4481211,121.0248963],[14.4486373,121.0264135],[14.4489078,121.0269997],[14.4487768,121.0280435],[14.4485615,121.0289928],[14.4484485,121.0295125],[14.4495841,121.0297819],[14.4510371,121.0301024],[14.4518059,121.0300742],[14.4540065,121.0304938],[14.454634,121.0307849],[14.4560055,121.0310853],[14.4580036,121.0315088],[14.4586088,121.0319029],[14.4565452,121.0355069],[14.4562761,121.0361567],[14.4560272,121.0370384],[14.4551635,121.0403944],[14.4548443,121.0415645],[14.4547579,121.0418948],[14.4542785,121.043466],[14.4539352,121.0446573],[14.4540574,121.0446687],[14.4548653,121.0419168],[14.4551738,121.0407925],[14.456038,121.0374643],[14.4612085,121.0395351],[14.4625579,121.0391958],[14.4624988,121.0387417],[14.4617001,121.0386873],[14.4615741,121.0371187],[14.4613344,121.0369637]]
route, [[14.4613344,121.0369637],[14.4615741,121.0371187],[14.4617001,121.0386873],[14.4624988,121.0387417],[14.4625579,121.0391958],[14.4612085,121.0395351],[14.456038,121.0374643],[14.4561423,121.0370725],[14.456385,121.0361941],[14.4566398,121.0355568],[14.45837,121.0325125],[14.4586849,121.0319561],[14.4592065,121.0310344],[14.4609269,121.0277579],[14.461195,121.0272142],[14.4613802,121.0268386],[14.4616987,121.0261931],[14.4620694,121.0254417],[14.4620837,121.0254129],[14.4619862,121.0253642],[14.4604641,121.0250376],[14.4582132,121.0249469],[14.4579556,121.0243285],[14.4574652,121.0232728],[14.4569915,121.0222943],[14.4564184,121.0214966],[14.4551298,121.0205433],[14.4557667,121.0196739],[14.4565387,121.0189314],[14.4570166,121.0185253]]
route, [[14.443806,121.025972],[14.4444142,121.0252202],[14.4449135,121.0250919],[14.4475393,121.0249478],[14.4481211,121.0248963],[14.4486373,121.0264135],[14.4489078,121.0269997],[14.4487768,121.0280435],[14.4485615,121.0289928],[14.4484485,121.0295125],[14.4495841,121.0297819],[14.4510371,121.0301024],[14.4518059,121.0300742],[14.4540065,121.0304938],[14.454634,121.0307849],[14.4560055,121.0310853],[14.4580036,121.0315088],[14.4586088,121.0319029],[14.4565452,121.0355069],[14.4562761,121.0361567],[14.4560272,121.0370384],[14.4551635,121.0403944],[14.4548443,121.0415645],[14.4547579,121.0418948],[14.4542785,121.043466],[14.4539352,121.0446573],[14.4540574,121.0446687],[14.4548653,121.0419168],[14.4551738,121.0407925],[14.456038,121.0374643],[14.4612085,121.0395351],[14.4625579,121.0391958],[14.4624988,121.0387417],[14.4617001,121.0386873],[14.4615741,121.0371187],[14.4613344,121.0369637]]
route, [[14.4658049,121.0441432],[14.4655163,121.0451254],[14.4712654,121.0450778],[14.4759535,121.0450746],[14.4778179,121.0450746],[14.4805881,121.0450372],[14.4867636,121.044496],[14.486173,121.0426435],[14.485816,121.0415286],[14.4856414,121.0409944],[14.4852422,121.0399626],[14.485076,121.0396387],[14.4848458,121.0392248],[14.4846061,121.0383708],[14.4845354,121.0381193],[14.4824183,121.0369628],[14.4828347,121.0358079],[14.4831429,121.0349614],[14.4833162,121.0344827],[14.4835788,121.033771],[14.484093,121.0323369],[14.4843963,121.0315078],[14.4848761,121.0298445],[14.4867292,121.0273007],[14.4860397,121.0268783],[14.4861716,121.026287],[14.4863707,121.0247285],[14.4858002,121.0218547],[14.4853239,121.0220954],[14.4851162,121.0182446],[14.4846793,121.0182471],[14.4847235,121.0177331],[14.4842599,121.0177235],[14.4835947,121.0200297],[14.4831346,121.0198665],[14.483831,121.0155276],[14.4839639,121.0140998],[14.4835213,121.0138312],[14.4831751,121.0136205],[14.4827184,121.0133431],[14.4838205,121.0113352],[14.4833972,121.0105896]]
route, [[14.4833972,121.0105896],[14.4838205,121.0113352],[14.4827184,121.0133431],[14.4817463,121.014352],[14.4813728,121.0141286],[14.4815865,121.0137609],[14.4809836,121.0133],[14.4810654,121.0128117]]
route, [[14.4833972,121.0105896],[14.4838205,121.0113352],[14.4827184,121.0133431],[14.4817463,121.014352],[14.4814932,121.0148581],[14.4809247,121.014537],[14.4803921,121.0156781],[14.4833066,121.0167044],[14.4827977,121.0184654],[14.4823988,121.0184568],[14.4816114,121.0197045],[14.4811177,121.0206119],[14.4792934,121.0199007],[14.4785286,121.0211644],[14.4788915,121.021418],[14.4779687,121.0229075],[14.4774458,121.0241474],[14.4773241,121.0244824],[14.4772215,121.0247648],[14.4771216,121.02504],[14.4769655,121.0253426],[14.4764495,121.0250883],[14.4763043,121.0255007],[14.4757678,121.0252966],[14.4753423,121.025127],[14.4749239,121.0249676],[14.4744276,121.0247411],[14.4738666,121.0249537],[14.4734046,121.024766],[14.472576,121.0241724],[14.4721242,121.0236298],[14.472592,121.0231059],[14.4711276,121.0225881],[14.4713091,121.0220365],[14.4703291,121.0216908],[14.4688862,121.0211907],[14.4686672,121.0218461],[14.4672076,121.0213492],[14.4663244,121.0210486],[14.4657696,121.0201575],[14.4652277,121.0199577],[14.4648298,121.0198109],[14.4657451,121.0178145],[14.465676,121.0176429],[14.464146,121.0172725],[14.4640219,121.0173675],[14.4626987,121.0169308],[14.4621899,121.0164502],[14.4616623,121.0159097],[14.4614865,121.0157305],[14.4605307,121.0147699],[14.460753,121.0142999]]
route, [[14.529322,120.9914186],[14.5285803,120.9915056],[14.5279539,120.9910898],[14.5267017,120.9912542],[14.5261589,120.9919647],[14.5254228,120.9920484],[14.5252482,120.9904161],[14.5252405,120.9902311],[14.5250755,120.9902523],[14.5221719,120.9906443],[14.5220404,120.9906635],[14.5195476,120.9907097],[14.517387,120.9916544],[14.5172146,120.995304],[14.5169627,120.9975927],[14.5169791,120.9998729],[14.51553,121.0037451],[14.5141146,121.006246],[14.5126045,121.007535],[14.5123512,121.006327],[14.5120763,121.0062436],[14.5108713,121.0062655],[14.5106474,121.006015],[14.5103152,121.0057344],[14.509495,121.0056475],[14.5084118,121.0055464],[14.5078824,121.0055074]]
route, [[14.4395197,121.0219295],[14.4399519,121.0218179],[14.4402844,121.0216891],[14.4405241,121.0221154],[14.4408277,121.0237033],[14.4412766,121.0236948],[14.4417997,121.0236518],[14.4419467,121.0240752],[14.4421078,121.0256774],[14.4423156,121.0261838],[14.4434333,121.0254972],[14.443806,121.025972]]
route, [[14.4807,121.0337912],[14.4810578,121.0332511],[14.4813633,121.0333299],[14.4814805,121.0327588],[14.4819713,121.0313842],[14.4822357,121.0307121],[14.4806655,121.0304407],[14.4805622,121.0299581],[14.4780189,121.030194],[14.4779064,121.0306381],[14.4783131,121.030785]]
route, [[14.4783131,121.030785],[14.4779064,121.0306381],[14.4780189,121.030194],[14.4805622,121.0299581],[14.4839021,121.0313579],[14.4843963,121.0315078],[14.485018,121.0316987],[14.4854434,121.0326765],[14.4859287,121.0329527],[14.486239,121.0331326],[14.4860977,121.0336256],[14.485687,121.0350592],[14.4862103,121.0351756],[14.4872196,121.0335875],[14.4876837,121.0339899],[14.488548,121.0329502],[14.4888661,121.0325741],[14.491892,121.0380068],[14.4920838,121.0384068],[14.4937648,121.041811],[14.4994673,121.0387899],[14.5004003,121.0382903],[14.5003458,121.0374758]]
route, [[14.5245342,120.9851997],[14.5245555,120.9854018],[14.5250755,120.9902523],[14.5250955,120.9904353],[14.5252482,120.9904161],[14.5266039,120.9902625],[14.5267017,120.9912542],[14.5279539,120.9910898],[14.5285803,120.9915056],[14.529322,120.9914186]]
route, [[14.529322,120.9914186],[14.5285803,120.9915056],[14.5279539,120.9910898],[14.5267017,120.9912542],[14.5261589,120.9919647],[14.5254228,120.9920484],[14.5252482,120.9904161],[14.5252405,120.9902311],[14.5250755,120.9902523],[14.5221719,120.9906443],[14.5220404,120.9906635],[14.5195476,120.9907097],[14.517387,120.9916544],[14.5172146,120.995304],[14.5169627,120.9975927],[14.5202322,120.9993524],[14.5255864,121.0113075],[14.5211269,121.0147398],[14.5173315,121.0196398],[14.5202232,121.0225111],[14.5233053,121.0253394],[14.5233223,121.025487],[14.5223781,121.0270856],[14.4916877,121.0431493],[14.4579568,121.045297],[14.4548653,121.0419168],[14.4551738,121.0407925],[14.456038,121.0374643],[14.4561423,121.0370725],[14.456385,121.0361941],[14.4566398,121.0355568],[14.45837,121.0325125],[14.4586849,121.0319561],[14.4592065,121.0310344],[14.4609269,121.0277579],[14.461195,121.0272142],[14.4613802,121.0268386],[14.4616987,121.0261931],[14.4620694,121.0254417],[14.4620837,121.0254129],[14.462447,121.0246764],[14.4631769,121.0232023],[14.4648298,121.0198109],[14.4657451,121.0178145],[14.465676,121.0176429],[14.464146,121.0172725],[14.4640219,121.0173675],[14.4626987,121.0169308],[14.4621899,121.0164502],[14.4616623,121.0159097],[14.4614865,121.0157305],[14.4605307,121.0147699],[14.460753,121.0142999]]
route, [[14.460753,121.0142999],[14.4605307,121.0147699],[14.4614865,121.0157305],[14.4616623,121.0159097],[14.4621899,121.0164502],[14.4626987,121.0169308],[14.4640219,121.0173675],[14.464146,121.0172725],[14.4655889,121.0178206],[14.4657451,121.0178145],[14.4659266,121.0174188],[14.4662113,121.0179544],[14.4652277,121.0199577],[14.4657696,121.0201575],[14.4663244,121.0210486]]
route, [[14.4663244,121.0210486],[14.4657696,121.0201575],[14.4652277,121.0199577],[14.4662113,121.0179544],[14.4659266,121.0174188],[14.4664616,121.0162914],[14.4668907,121.0153923],[14.4675121,121.0140735],[14.4680822,121.0143637],[14.468495,121.0145858],[14.468892,121.0148039],[14.4692856,121.015028],[14.4707913,121.0158253]]
route, [[14.4946805,121.0318853],[14.4947559,121.0321768],[14.4950056,121.0321571],[14.4950133,121.0326569],[14.4952871,121.0326492],[14.4952679,121.0331122],[14.4957982,121.0331691],[14.4970288,121.0332746],[14.497026,121.0325985],[14.4974825,121.0324247],[14.4976555,121.0348237],[14.4977642,121.0355265],[14.4994673,121.0387899],[14.5004003,121.0382903],[14.5003458,121.0374758]]
