stop, 14.7252596, 121.0633241, #ff9900
stop, 14.5904161, 121.0616979, #ff9900
stop, 14.6549468, 121.0541552, #ff9900
stop, 14.6670262, 121.089807, #ff9900
stop, 14.6234018, 120.9968272, #ff9900
stop, 14.6977211, 121.0252587, #ff9900
stop, 14.6052528, 121.0517589, #ff9900
stop, 14.6241194, 121.0490983, #ff9900
stop, 14.7380306, 121.0734318, #ff9900
stop, 14.6014474, 121.0672038, #ff9900
stop, 14.7427355, 121.0771556, #ff9900
stop, 14.7223739, 121.0462125, #ff9900
stop, 14.7001418, 121.038921, #ff9900
stop, 14.7001974, 121.0864628, #ff9900
stop, 14.719096, 121.0524158, #ff9900
stop, 14.7622523, 121.0979533, #ff9900
stop, 14.7201115, 121.1003733, #ff9900
stop, 14.6754949, 121.0893063, #ff9900
stop, 14.6642259, 121.068527, #ff9900
stop, 14.7084697, 121.062684, #ff9900
stop, 14.7622523, 121.0979533, #ff9900
stop, 14.6980828, 121.1083236, #ff9900
stop, 14.7007345, 121.0348747, #ff9900
stop, 14.6988269, 121.0804999, #ff9900
stop, 14.6669507, 121.0767252, #ff9900
stop, 14.6703367, 121.037435, #ff9900
stop, 14.7381363, 121.0468993, #ff9900
stop, 14.6128672, 121.0110715, #ff9900
stop, 14.6962614, 121.1109633, #ff9900
stop, 14.7223152, 121.043889, #ff9900
stop, 14.6223185, 121.0516308, #ff9900
stop, 14.7179238, 121.0680694, #ff9900
stop, 14.7496012, 121.083405, #ff9900
stop, 14.6260521, 121.049107, #ff9900
stop, 14.7367898, 121.0431392, #ff9900
stop, 14.7622523, 121.0979533, #ff9900
stop, 14.6150806, 121.0748727, #ff9900
stop, 14.7638586, 121.0980864, #ff9900
stop, 14.6875738, 121.1054626, #ff9900
stop, 14.6430525, 121.0249108, #ff9900
stop, 14.7457463, 121.0789183, #ff9900
stop, 14.7260561, 121.1131301, #ff9900
stop, 14.7110936, 121.0994588, #ff9900
stop, 14.6709502, 121.0394379, #ff9900
stop, 14.6855062, 121.0437874, #ff9900
stop, 14.6007939, 121.0717962, #ff9900
stop, 14.7496012, 121.083405, #ff9900
stop, 14.7093649, 121.0826045, #ff9900
stop, 14.6610439, 121.0798716, #ff9900
stop, 14.5944416, 121.0796102, #ff9900
route, [[14.7252596,121.0633241],[14.7269528,121.0633096],[14.7275124,121.0633241],[14.7275228,121.0618125],[14.7275269,121.0612271],[14.7285743,121.0612395],[14.7293005,121.0612173],[14.7296017,121.0612081],[14.7313157,121.0633768],[14.7307622,121.0636746],[14.7310453,121.0640349],[14.7312898,121.0643953],[14.7327301,121.066548],[14.7330657,121.0670721],[14.7333746,121.0675096],[14.7354878,121.0674588],[14.7354864,121.0681816],[14.735556,121.0693926],[14.7375122,121.0716791],[14.7371762,121.0721162],[14.737091,121.0722491],[14.737389,121.0728945],[14.7380306,121.0734318]]
route, [[14.737807,121.0469643],[14.7381363,121.0468993],[14.7384563,121.0468382],[14.7384523,121.04728],[14.737218,121.0475406],[14.7365346,121.0476849],[14.7353196,121.0479415],[14.7343521,121.0481458],[14.7333323,121.0483611],[14.7316348,121.0487226],[14.7312303,121.0480612],[14.7311233,121.0474755],[14.7310902,121.0473148],[14.7252365,121.0487186],[14.7245389,121.049298],[14.7228175,121.050801],[14.7213469,121.0520184],[14.7212363,121.0521142],[14.7213508,121.0522475],[14.7217992,121.0527323],[14.7244141,121.0555218],[14.7267732,121.0580217],[14.7262546,121.0584906],[14.7245479,121.0606717],[14.7245255,121.0611915],[14.725231,121.0611998],[14.7252389,121.061827],[14.7252455,121.0623056],[14.7252529,121.0628373],[14.7252596,121.0633241]]
route, [[14.7252596,121.0633241],[14.7233588,121.0630063],[14.7229633,121.062314],[14.7229633,121.0618199],[14.7229778,121.0611731],[14.7223762,121.0611815],[14.7201026,121.0611766],[14.7200952,121.0617915],[14.7201027,121.0650851],[14.720113,121.0658848],[14.7201335,121.0671244],[14.7201334,121.0683753],[14.7196279,121.0685625],[14.7179238,121.0680694]]
route, [[14.719096,121.0524158],[14.719979,121.0517221],[14.7204518,121.0512799],[14.7212363,121.0521142],[14.7213508,121.0522475],[14.7217992,121.0527323],[14.7244141,121.0555218],[14.7267732,121.0580217],[14.7262546,121.0584906],[14.7245479,121.0606717],[14.7245255,121.0611915],[14.725231,121.0611998],[14.7252389,121.061827],[14.7252455,121.0623056],[14.7252529,121.0628373],[14.7252596,121.0633241]]
route, [[14.7252596,121.0633241],[14.7233588,121.0630063],[14.7229633,121.062314],[14.7229633,121.0618199],[14.7229778,121.0611731],[14.7223762,121.0611815],[14.7201026,121.0611766],[14.7164957,121.0612161],[14.7135393,121.0612439],[14.7111964,121.0611674],[14.7107427,121.0611485],[14.71056,121.0609855],[14.7084697,121.062684],[14.7073182,121.0636228],[14.7068019,121.0642997],[14.7064113,121.0672352],[14.7064116,121.0694467],[14.7059919,121.0716237],[14.7058258,121.0721938],[14.7053686,121.0736057],[14.7050811,121.074697],[14.7050664,121.0754469],[14.7050224,121.0783164],[14.7046853,121.0818025],[14.7039268,121.0816839],[14.7037625,121.0822762],[14.7014472,121.0814869],[14.6988269,121.0804999],[14.6986799,121.0808779]]
route, [[14.6014474,121.0672038],[14.599757,121.0598314],[14.6094933,121.0558245],[14.6104069,121.0554705],[14.6102979,121.0551915],[14.6093998,121.0556475],[14.6062187,121.057056],[14.6016644,121.0591427],[14.5975927,121.0595812],[14.5971805,121.0595211],[14.5904161,121.0616979]]
route, [[14.5904161,121.0616979],[14.5894216,121.0628124],[14.5893371,121.0629129],[14.5890506,121.0633142],[14.5887929,121.063827],[14.5887566,121.0639476],[14.5886636,121.0643908],[14.5888519,121.0670391],[14.589137,121.0713166],[14.5892349,121.0724534],[14.5893386,121.0725601],[14.5896728,121.0725901],[14.5931183,121.0722991],[14.5949507,121.0705711],[14.6014262,121.0691047],[14.6018499,121.0689969],[14.6020047,121.0690087],[14.6135167,121.0704341],[14.6142129,121.0706506],[14.6144278,121.0709561],[14.6159353,121.0745221],[14.6143691,121.0748338],[14.6144205,121.0750293],[14.6150806,121.0748727]]
route, [[14.5904161,121.0616979],[14.5894216,121.0628124],[14.5893371,121.0629129],[14.5890506,121.0633142],[14.5887929,121.063827],[14.5887566,121.0639476],[14.5888561,121.063989],[14.5888919,121.0638737],[14.59282,121.0590452],[14.5935946,121.0587824],[14.5939519,121.0589045],[14.5955752,121.0594284],[14.5996124,121.0598509],[14.599757,121.0598314],[14.6094933,121.0558245],[14.6104069,121.0554705],[14.6106872,121.0553471],[14.6109364,121.0552237],[14.6108686,121.0549455],[14.6106428,121.0540982],[14.6104088,121.0531164],[14.6103178,121.0526833],[14.6102327,121.0523337],[14.6097987,121.0504214],[14.6096848,121.0500479],[14.6077221,121.0508247],[14.6074052,121.0509367],[14.6071169,121.0510468],[14.6069169,121.0511232],[14.6066552,121.0512232],[14.6052528,121.0517589]]
route, [[14.5944416,121.0796102],[14.5856047,121.0787203],[14.5846914,121.0781641],[14.5827656,121.0768598],[14.5833569,121.0759343],[14.5835516,121.0756348],[14.5836491,121.0754929],[14.5843107,121.0709256],[14.589137,121.0713166],[14.5892502,121.0713264],[14.5889491,121.0670337],[14.5888561,121.063989],[14.5888919,121.0638737],[14.59282,121.0590452],[14.592808,121.0588555],[14.5927566,121.0589171],[14.5907414,121.0612899],[14.5906462,121.0614035],[14.5904161,121.0616979]]
route, [[14.658706,121.0819105],[14.6591378,121.081859],[14.6608779,121.0819496],[14.6611949,121.0808577],[14.6610439,121.0798716],[14.6607928,121.0785202],[14.6607126,121.0784199],[14.6599906,121.076676],[14.6597758,121.0762647],[14.6632134,121.0743095],[14.6637254,121.0737002],[14.666472,121.0745599],[14.668195,121.0749581],[14.6682446,121.0750334],[14.6693687,121.0764942],[14.6694685,121.0766103],[14.6696457,121.0764171],[14.6690194,121.0756856],[14.6684852,121.0749264],[14.6679182,121.0740803],[14.6667052,121.0723584],[14.666078,121.0714177],[14.661483,121.0644788],[14.6549468,121.0541552]]
route, [[14.6549468,121.0541552],[14.6537906,121.0527441],[14.6535622,121.0526012],[14.6531138,121.0518545],[14.6530874,121.0518067],[14.6529357,121.0518938],[14.6530141,121.0520176],[14.6533445,121.0525621],[14.6519192,121.0534519],[14.6516435,121.0535358],[14.6501835,121.0535376],[14.6500512,121.05412],[14.6497604,121.0541249],[14.6484817,121.0536653],[14.6480167,121.0533112],[14.6474569,121.052811],[14.6456954,121.0539831],[14.643889,121.0548422],[14.6422389,121.0553282],[14.6393336,121.0557606],[14.6393239,121.0549883],[14.6393239,121.0548695],[14.6361766,121.0545665],[14.6337372,121.054243],[14.6323944,121.0496389],[14.6318428,121.049821],[14.6313743,121.0499703],[14.6309036,121.0501175],[14.630481,121.0502496],[14.6300928,121.050371],[14.6291457,121.0510619],[14.6290192,121.0504268],[14.6270107,121.0513659],[14.6267618,121.0507856],[14.6265629,121.050281],[14.6263268,121.0497382],[14.6260521,121.049107]]
route, [[14.6549468,121.0541552],[14.6537906,121.0527441],[14.6535622,121.0526012],[14.6531138,121.0518545],[14.6530874,121.0518067],[14.6529357,121.0518938],[14.6530141,121.0520176],[14.6533445,121.0525621],[14.6540761,121.0538358],[14.6552885,121.055724],[14.6610046,121.064351],[14.6614384,121.0647485],[14.6658462,121.0715609],[14.6660718,121.0719597],[14.6664334,121.0725103],[14.6675631,121.0740724],[14.668195,121.0749581],[14.6682446,121.0750334],[14.6693687,121.0764942],[14.6694685,121.0766103],[14.6696457,121.0764171],[14.6690194,121.0756856],[14.6684852,121.0749264],[14.6679182,121.0740803],[14.6667052,121.0723584],[14.666078,121.0714177],[14.6655243,121.0705167],[14.6652706,121.0701057],[14.6642259,121.068527]]
route, [[14.6549468,121.0541552],[14.6580726,121.0526254],[14.6621335,121.0485883],[14.6617293,121.0452727],[14.6615359,121.0444239],[14.6617603,121.0443766],[14.6639931,121.0445151],[14.6646022,121.0437116],[14.6667176,121.0432385],[14.6676249,121.0433121],[14.668632,121.0433776],[14.6718954,121.0434725],[14.6720374,121.0434817],[14.6720022,121.0433466],[14.6719674,121.0431638],[14.6715237,121.0411736],[14.6713741,121.0412001],[14.6708094,121.041388],[14.670735,121.0411422],[14.6705835,121.0405546]]
route, [[14.6703367,121.037435],[14.6709002,121.0392713],[14.6709502,121.0394379],[14.6713741,121.0412001],[14.6718105,121.0430754],[14.6714887,121.0433355],[14.6690155,121.043284],[14.667114,121.0431444],[14.6645772,121.0436021],[14.6629373,121.0439614],[14.6617267,121.0442215],[14.6597139,121.0446438],[14.6597388,121.0448412],[14.6613901,121.0444572],[14.6615359,121.0444239],[14.6617293,121.0452727],[14.6621335,121.0485883],[14.6580726,121.0526254],[14.6549468,121.0541552]]
route, [[14.6670262,121.089807],[14.6676928,121.0900233],[14.6679324,121.0895023],[14.6681425,121.0890856],[14.6692362,121.0893098],[14.6692916,121.0899892],[14.6693194,121.0905438],[14.6693471,121.0911677],[14.6707267,121.0910984],[14.6707198,121.0916669],[14.6720578,121.0916392],[14.6726124,121.0916184],[14.6732987,121.0917432],[14.6741204,121.088745],[14.6741147,121.0885564],[14.6777538,121.0832763],[14.6802086,121.084384],[14.680733,121.0846119],[14.6839738,121.0859713],[14.6841222,121.0860283],[14.6850183,121.0863776],[14.6858648,121.0867652],[14.6867957,121.0871194],[14.6870187,121.0871943],[14.6891746,121.0874113],[14.6918696,121.0874803],[14.6925587,121.0874785],[14.6943845,121.0874626],[14.6967555,121.0874849],[14.69771,121.0874656],[14.6981545,121.0874486],[14.6991611,121.0873827],[14.6996871,121.0872815],[14.6997935,121.0872556],[14.7014437,121.0866806],[14.7017458,121.0873296],[14.7022558,121.0893902],[14.7033578,121.0889277],[14.7058352,121.0881383],[14.7064375,121.0883792],[14.7067881,121.0887172],[14.7077572,121.0899161],[14.7079688,121.0901345],[14.7084545,121.0904637],[14.7092919,121.0907593],[14.7106811,121.0907424],[14.711217,121.0907043],[14.7121129,121.0906035],[14.7133687,121.0902224]]
route, [[14.6754949,121.0893063],[14.6755578,121.0888525],[14.6745939,121.0888982],[14.6741147,121.0885564],[14.6741204,121.088745],[14.6732987,121.0917432],[14.6726124,121.0916184],[14.6720578,121.0916392],[14.6707198,121.0916669],[14.6707267,121.0910984],[14.6693471,121.0911677],[14.6693194,121.0905438],[14.6692916,121.0899892],[14.6692362,121.0893098],[14.6681425,121.0890856],[14.6679324,121.0895023],[14.6676928,121.0900233],[14.6670262,121.089807]]
route, [[14.6670262,121.089807],[14.6676928,121.0900233],[14.6679324,121.0895023],[14.6681425,121.0890856],[14.6658803,121.0866312],[14.6649669,121.0858587],[14.6644631,121.0848046],[14.663929,121.0837731],[14.6652908,121.0812411],[14.6652287,121.0810019],[14.6657301,121.080972],[14.6662426,121.0809491],[14.6671286,121.0809233],[14.6676965,121.0809308],[14.6677048,121.0781156],[14.6675057,121.0780192],[14.6672004,121.0778975],[14.6669492,121.0777723]]
route, [[14.658706,121.0819105],[14.6591378,121.081859],[14.6596327,121.082882],[14.659254,121.0835242],[14.658623,121.0845112],[14.6612469,121.0880303],[14.6616206,121.0876097],[14.6628408,121.087782],[14.6649835,121.087438],[14.6658803,121.0866312],[14.6681425,121.0890856],[14.6679324,121.0895023],[14.6676928,121.0900233],[14.6670262,121.089807]]
route, [[14.6234018,120.9968272],[14.6223489,120.9978142],[14.6226372,120.9981462],[14.6229473,120.9984869],[14.6232473,120.9988354],[14.6234149,120.9990301],[14.6237023,120.9996468],[14.624063,121.0004464],[14.6244209,121.0012441],[14.6248167,121.0020659],[14.6251759,121.0028746],[14.626915,121.0048197],[14.6285287,121.0066111],[14.6294291,121.008552],[14.6298292,121.0094082],[14.6301192,121.0100721],[14.6305247,121.0109767],[14.6306188,121.0111936],[14.6359472,121.0088516],[14.6391514,121.0069352],[14.6422633,121.0061225],[14.6438662,121.005946],[14.6447943,121.005165],[14.6449759,121.0052323],[14.6465332,121.0040076],[14.6516127,121.0011511],[14.6515895,121.0001326],[14.6514897,120.9998474],[14.6509367,120.996867],[14.6527792,120.9976689],[14.655035,120.9990461],[14.6562813,121.0000923],[14.6567964,121.0002688],[14.6575995,121.0003093],[14.657874,121.0003122],[14.6588615,121.00033],[14.6752981,121.0006019],[14.6817887,121.0007651],[14.6895843,121.0009317],[14.6910633,121.0009857],[14.6932857,121.0038195],[14.6933486,121.0057485],[14.6934026,121.0220009],[14.6932377,121.0221547],[14.6923038,121.0233049],[14.6920905,121.0248974],[14.6919973,121.0258046],[14.6918175,121.0262551],[14.6894219,121.0289863],[14.6892279,121.0292612],[14.6889014,121.029775],[14.6881386,121.0308434],[14.6866491,121.0315252],[14.6866975,121.0316993],[14.6881015,121.0311473],[14.6889473,121.0300408],[14.6893042,121.029396],[14.6898329,121.0326961],[14.6899319,121.0334315],[14.6898131,121.0338419],[14.6896574,121.0337507],[14.6903365,121.0355111],[14.6921858,121.0358397],[14.6923586,121.0367955],[14.6923805,121.037546],[14.6924479,121.0382637],[14.6930531,121.0411381],[14.6933707,121.0414461],[14.6934817,121.0415434],[14.6947786,121.0428798],[14.6977772,121.0463738],[14.6986365,121.0483367],[14.6987485,121.0485335],[14.6992022,121.0482433],[14.7002903,121.0502182],[14.7004115,121.0504261],[14.7014937,121.051969],[14.7020958,121.0528523],[14.7026666,121.0537706],[14.7027312,121.0538577],[14.7040589,121.0558859],[14.7057367,121.0591175],[14.7060585,121.059551],[14.7065712,121.0602306],[14.7080795,121.0621943],[14.7084697,121.062684],[14.7086017,121.0628544],[14.7107427,121.0611485],[14.7150063,121.0575674],[14.7180279,121.0549974],[14.7190752,121.054141],[14.7213508,121.0522475],[14.7217992,121.0527323],[14.7244141,121.0555218],[14.7267732,121.0580217],[14.7292983,121.0608778],[14.7296017,121.0612081],[14.7297679,121.0612047],[14.7303024,121.0612127],[14.7305985,121.0612171],[14.7312426,121.0620681],[14.7347173,121.0619716],[14.7347069,121.061249],[14.7353175,121.0612408],[14.7354878,121.0674588],[14.7354864,121.0681816],[14.735556,121.0693926],[14.7375122,121.0716791],[14.738672,121.0735357],[14.7409038,121.0754868],[14.744486,121.0779452],[14.744747,121.0779587],[14.7457463,121.0789183]]
route, [[14.6234018,120.9968272],[14.6223489,120.9978142],[14.6226372,120.9981462],[14.6216037,120.9992118],[14.6205485,121.0002345],[14.6206363,121.000332],[14.6211452,121.0008692],[14.6215023,121.001676],[14.6218511,121.0024571],[14.6222415,121.0032896],[14.6234216,121.0045916],[14.6251242,121.0064627],[14.6244348,121.0071236],[14.6260701,121.0089545],[14.6252215,121.0097677],[14.624737,121.0092289],[14.624628,121.0093275],[14.6248506,121.0095708],[14.6261469,121.0110254],[14.629578,121.0148092],[14.6304405,121.0158349],[14.6302361,121.0169982],[14.6302069,121.0171724],[14.6308054,121.0181907],[14.6323466,121.0207149],[14.6338392,121.0232367],[14.6348191,121.0226015],[14.6351408,121.0231013],[14.6365134,121.0252339],[14.6355131,121.0258633],[14.6364458,121.027359],[14.6365918,121.027596],[14.6368104,121.0279449],[14.637164,121.0285154],[14.6386803,121.0310452],[14.6402503,121.0335964],[14.6412717,121.0329527],[14.6423676,121.0347246],[14.647569,121.0431694],[14.6484159,121.0444885],[14.6497638,121.0467183],[14.6496066,121.0475131],[14.6490426,121.0482138],[14.6488112,121.0485729],[14.6487043,121.0488075],[14.6485345,121.0494016],[14.6487588,121.0509738],[14.648805,121.0510446],[14.6488459,121.0511072],[14.650318,121.0520222],[14.6521978,121.0518203],[14.6530141,121.0520176],[14.6533445,121.0525621],[14.6540761,121.0538358],[14.6552885,121.055724],[14.6610046,121.064351],[14.6614384,121.0647485],[14.6658462,121.0715609],[14.6660718,121.0719597],[14.6664334,121.0725103],[14.6675631,121.0740724],[14.668195,121.0749581],[14.6682446,121.0750334],[14.6693687,121.0764942],[14.6694685,121.0766103],[14.6709257,121.0782115],[14.6717001,121.0789398],[14.6726819,121.0798535],[14.675742,121.0821059],[14.6760244,121.082295],[14.6768632,121.0827749],[14.6777538,121.0832763],[14.6802086,121.084384],[14.680733,121.0846119],[14.6839738,121.0859713],[14.6841222,121.0860283],[14.6850183,121.0863776],[14.6858648,121.0867652],[14.6867957,121.0871194],[14.6870187,121.0871943],[14.6891746,121.0874113],[14.6918696,121.0874803],[14.6925587,121.0874785],[14.6943845,121.0874626],[14.6967555,121.0874849],[14.69771,121.0874656],[14.6981545,121.0874486],[14.6991611,121.0873827],[14.6996871,121.0872815],[14.6997935,121.0872556],[14.7014437,121.0866806],[14.7017458,121.0873296],[14.7022558,121.0893902],[14.7033578,121.0889277],[14.7058352,121.0881383],[14.7064375,121.0883792],[14.7067881,121.0887172],[14.7077572,121.0899161],[14.7079688,121.0901345],[14.7084545,121.0904637],[14.7092919,121.0907593],[14.7106811,121.0907424],[14.711217,121.0907043],[14.7121129,121.0906035],[14.7133687,121.0902224],[14.7142263,121.0933827],[14.7137481,121.0943875],[14.7137167,121.09474],[14.7146931,121.0960705],[14.7147797,121.0977279],[14.7170798,121.1004257],[14.7174247,121.1007581],[14.7194594,121.1004246],[14.7196845,121.1003374],[14.7201115,121.1003733],[14.7226982,121.1037992],[14.7231574,121.1065226],[14.7227475,121.1080616],[14.7221964,121.1092515],[14.7215607,121.1112705],[14.7216326,121.1118832],[14.7249038,121.1124224],[14.7260561,121.1131301]]
route, [[14.6234018,120.9968272],[14.6223489,120.9978142],[14.6226372,120.9981462],[14.6229473,120.9984869],[14.6232473,120.9988354],[14.6234149,120.9990301],[14.6237023,120.9996468],[14.624063,121.0004464],[14.6244209,121.0012441],[14.6248167,121.0020659],[14.6251759,121.0028746],[14.626915,121.0048197],[14.6285287,121.0066111],[14.6294291,121.008552],[14.6298292,121.0094082],[14.6301192,121.0100721],[14.6305247,121.0109767],[14.6306188,121.0111936],[14.6359472,121.0088516],[14.6391514,121.0069352],[14.6422633,121.0061225],[14.6438662,121.005946],[14.6447943,121.005165],[14.6449759,121.0052323],[14.6465332,121.0040076],[14.6516127,121.0011511],[14.6515895,121.0001326],[14.6514897,120.9998474],[14.6509367,120.996867],[14.6527792,120.9976689],[14.655035,120.9990461],[14.6562813,121.0000923],[14.6567964,121.0002688],[14.6575995,121.0003093],[14.657874,121.0003122],[14.6588615,121.00033],[14.6752981,121.0006019],[14.6817887,121.0007651],[14.6895843,121.0009317],[14.6910633,121.0009857],[14.6932857,121.0038195],[14.6933486,121.0057485],[14.6934026,121.0220009],[14.6932377,121.0221547],[14.6930317,121.0226109],[14.6935186,121.0221578],[14.6937448,121.021975],[14.694535,121.0212422],[14.6968121,121.0191434],[14.7042243,121.0143168],[14.7103416,121.0150236],[14.7119275,121.0155255],[14.71217,121.015574],[14.7200238,121.015217],[14.7204573,121.0171646],[14.7204936,121.0180237],[14.7204915,121.0181921],[14.7200581,121.0202971],[14.7197606,121.0211666],[14.7194552,121.0223482],[14.7180912,121.0222488],[14.7194015,121.0226847],[14.7193382,121.0232024],[14.7192347,121.0242026],[14.7202156,121.0274934],[14.7205559,121.0281213],[14.7209075,121.0289369],[14.7211243,121.0295745],[14.7217441,121.0318978],[14.7217731,121.0325088],[14.7195624,121.0329935],[14.7193344,121.0329896],[14.7187589,121.0346999],[14.7172238,121.0346889],[14.7154221,121.0355313],[14.7169661,121.0376222],[14.7172865,121.0385445],[14.7194337,121.0391462],[14.7195156,121.0399143],[14.7218791,121.0395347],[14.7218678,121.0399265],[14.7220582,121.041261],[14.7222729,121.0416879],[14.7227355,121.0416226],[14.7229353,121.041566],[14.7234839,121.0410443],[14.725905,121.0412244],[14.7281728,121.0417618],[14.7290355,121.0438256],[14.7297149,121.0436479],[14.7299855,121.0440921],[14.730063,121.0442037],[14.7310902,121.0473148],[14.7311233,121.0474755],[14.7312303,121.0480612],[14.7316348,121.0487226],[14.7333323,121.0483611],[14.7343521,121.0481458],[14.7353196,121.0479415],[14.7365346,121.0476849],[14.737218,121.0475406],[14.7371356,121.0471213],[14.7361389,121.0447189],[14.7367971,121.0437316],[14.7367898,121.0431392]]
route, [[14.6128672,121.0110715],[14.6137439,121.0099193],[14.6140583,121.009616],[14.6140734,121.0097539],[14.6142949,121.0097486],[14.6147598,121.0097481],[14.6156089,121.0097516],[14.6170411,121.0097698],[14.6184707,121.0098317],[14.6193396,121.0097644],[14.6191704,121.0078077],[14.619062,121.0063861],[14.6189319,121.004884],[14.6187456,121.0029125],[14.6189449,121.0031216],[14.6190466,121.0029712],[14.6189734,121.0028881],[14.6183449,121.0022082],[14.6211452,121.0008692],[14.6206363,121.000332],[14.6205485,121.0002345],[14.6216037,120.9992118],[14.6226372,120.9981462],[14.6236862,120.9971383],[14.6234018,120.9968272]]
route, [[14.6977211,121.0252587],[14.6972704,121.0246986],[14.6970712,121.0243223],[14.6965937,121.0246478],[14.6961906,121.0242424],[14.6950101,121.0260211],[14.6944367,121.0259999],[14.6944518,121.026681],[14.6944355,121.0272275],[14.6944399,121.0278756],[14.6929099,121.0299123],[14.6906451,121.0278617],[14.6904628,121.0277044],[14.6904015,121.0277727],[14.6894219,121.0289863],[14.6892279,121.0292612],[14.6889014,121.029775],[14.6881386,121.0308434],[14.6866491,121.0315252],[14.6851455,121.031767],[14.6837311,121.0318688],[14.6830774,121.0318845],[14.6803101,121.031944],[14.6796001,121.0319542],[14.6779903,121.032017],[14.6770897,121.0320347],[14.6762214,121.0320621],[14.6748526,121.0321056],[14.673435,121.0321386],[14.6717573,121.0321741],[14.6702477,121.0324033],[14.6692796,121.0327985],[14.6681359,121.0336878],[14.6679419,121.0338646],[14.6678401,121.0339574],[14.6679622,121.0340724],[14.6681546,121.034256],[14.6690395,121.0352638],[14.6703367,121.037435]]
route, [[14.6977211,121.0252587],[14.6974917,121.0259668],[14.6976424,121.0261755],[14.6974596,121.0263554],[14.6972235,121.026604],[14.6970422,121.0268447],[14.6971639,121.027107],[14.6962006,121.0272988],[14.6962503,121.0275895],[14.696285,121.0278966],[14.6963119,121.0281812],[14.6964568,121.0294394],[14.6967146,121.0303898],[14.6963527,121.0322827],[14.6966314,121.03247],[14.6989877,121.033893],[14.6995617,121.0342461],[14.7007345,121.0348747],[14.7018849,121.0348012],[14.7025341,121.0347395],[14.7045172,121.0348283],[14.7039457,121.0372252],[14.7057372,121.0382741],[14.7067333,121.0387163],[14.7084594,121.0390477],[14.7087143,121.039101],[14.7090574,121.039159],[14.7094995,121.0392464],[14.709902,121.0393484],[14.7100739,121.0393885],[14.7102879,121.0394364],[14.7106955,121.0395506],[14.7119095,121.0398293],[14.7145207,121.0403464],[14.7149628,121.040438],[14.7162724,121.0404302],[14.7171598,121.0402964],[14.7180976,121.0401443],[14.7195156,121.0399143],[14.7195893,121.040208],[14.7198708,121.0414801],[14.7205782,121.0414256],[14.7206878,121.042148],[14.7222512,121.0417256],[14.7229109,121.0432472],[14.7223152,121.043889],[14.7223739,121.0462125]]
route, [[14.7001418,121.038921],[14.6996914,121.0403722],[14.6992458,121.041317],[14.6990801,121.0409816],[14.697839,121.0365378],[14.6973947,121.0360331],[14.6968766,121.0347116],[14.6963912,121.0337578],[14.6962183,121.0326043],[14.6963527,121.0322827],[14.6967146,121.0303898],[14.6964568,121.0294394],[14.6963119,121.0281812],[14.696285,121.0278966],[14.6962503,121.0275895],[14.6962006,121.0272988],[14.6971639,121.027107],[14.6970422,121.0268447],[14.6972235,121.026604],[14.6974596,121.0263554],[14.6976424,121.0261755],[14.6974917,121.0259668],[14.6977211,121.0252587]]
route, [[14.6977211,121.0252587],[14.6972704,121.0246986],[14.6970712,121.0243223],[14.6965937,121.0246478],[14.6961906,121.0242424],[14.6950101,121.0260211],[14.6944367,121.0259999],[14.6944518,121.026681],[14.6917066,121.0272161],[14.6915995,121.0268675],[14.6918439,121.0265244],[14.6919529,121.0262833],[14.6922607,121.0249199],[14.6924551,121.0234037],[14.6930317,121.0226109],[14.6935186,121.0221578],[14.6935225,121.0218934],[14.6934618,121.0050249],[14.6935947,121.0029759],[14.6936015,121.0007016],[14.6935983,120.99997],[14.6940739,121.0000252],[14.6929303,121.0003134],[14.6916822,121.0006578],[14.6882561,121.0007504],[14.6742566,121.0004078],[14.6627086,121.0001999],[14.6609919,121.0001609],[14.6607567,121.0001531],[14.6591931,121.0001445],[14.6583302,121.0001419],[14.6570324,121.000158],[14.6572502,120.9996334],[14.6572619,121.0005892],[14.6572724,121.001159],[14.6572735,121.0012374],[14.6570893,121.0015002],[14.65656,121.0068688],[14.656314,121.0091114],[14.6555449,121.0115484],[14.6555258,121.0140395],[14.6549694,121.0140601],[14.653714,121.0134749],[14.6535367,121.0148392],[14.6531308,121.0147581],[14.6528929,121.0164395],[14.6527502,121.0174843],[14.6523413,121.0174299],[14.6522185,121.018249],[14.6520275,121.0182259],[14.6505841,121.0180054],[14.6466528,121.0174015],[14.6450338,121.0171664],[14.6459388,121.0200129],[14.644691,121.0196142],[14.6434428,121.0191687],[14.6418114,121.0186032],[14.64154,121.0191814],[14.6412065,121.0196341],[14.6419941,121.021118],[14.6424379,121.0227136],[14.6428282,121.0240439],[14.6430525,121.0249108]]
route, [[14.6052528,121.0517589],[14.6066552,121.0512232],[14.6069169,121.0511232],[14.6071169,121.0510468],[14.6074052,121.0509367],[14.6077221,121.0508247],[14.6096848,121.0500479],[14.6097987,121.0504214],[14.6102327,121.0523337],[14.6103178,121.0526833],[14.6104088,121.0531164],[14.6106428,121.0540982],[14.6108686,121.0549455],[14.6106145,121.055052],[14.6102979,121.0551915],[14.6093998,121.0556475],[14.6062187,121.057056],[14.6016644,121.0591427],[14.5975927,121.0595812],[14.5971805,121.0595211],[14.5962397,121.0592653],[14.5939993,121.0585439],[14.5939519,121.0589045],[14.5955752,121.0594284],[14.5996124,121.0598509],[14.6013284,121.0672307],[14.6014474,121.0672038]]
route, [[14.6260521,121.049107],[14.6232196,121.0512105],[14.6223185,121.0516308],[14.6216755,121.0502456],[14.6215484,121.049972],[14.6214394,121.0500203],[14.6213743,121.0500523],[14.6196988,121.0508233],[14.6179732,121.0516091],[14.6167187,121.0521733],[14.6164625,121.0522896],[14.6161346,121.0524458],[14.6145927,121.053196],[14.6144332,121.0532779],[14.6141278,121.0525193],[14.6139426,121.0520448],[14.6137521,121.0516187],[14.613406,121.0507611],[14.6118296,121.0507338],[14.6111022,121.051779],[14.6102327,121.0523337],[14.6097987,121.0504214],[14.6096848,121.0500479],[14.6077221,121.0508247],[14.6074052,121.0509367],[14.6071169,121.0510468],[14.6069169,121.0511232],[14.6066552,121.0512232],[14.6052528,121.0517589]]
route, [[14.6188926,121.051287],[14.6145927,121.053196],[14.6144332,121.0532779],[14.6141278,121.0525193],[14.6139426,121.0520448],[14.6137521,121.0516187],[14.613406,121.0507611],[14.6118296,121.0507338],[14.6111022,121.051779],[14.6102327,121.0523337],[14.6097987,121.0504214],[14.6096848,121.0500479],[14.6077221,121.0508247],[14.6074052,121.0509367],[14.6071169,121.0510468],[14.6069169,121.0511232],[14.6066552,121.0512232],[14.6052528,121.0517589]]
route, [[14.6232196,121.0512105],[14.6223185,121.0516308],[14.6216755,121.0502456],[14.6215484,121.049972],[14.6213589,121.0495535],[14.6228541,121.0484733],[14.6232225,121.048842],[14.6235757,121.0482037],[14.624065,121.0479701],[14.6243909,121.0487181],[14.6240266,121.0488848],[14.6188926,121.051287]]
route, [[14.7380306,121.0734318],[14.737389,121.0728945],[14.737091,121.0722491],[14.7371762,121.0721162],[14.7375122,121.0716791],[14.738672,121.0735357],[14.7409038,121.0754868],[14.744486,121.0779452],[14.744747,121.0779587],[14.7457463,121.0789183]]
route, [[14.7427355,121.0771556],[14.7421655,121.0751521],[14.7409038,121.0754868],[14.738672,121.0735357],[14.7375122,121.0716791],[14.7371762,121.0721162],[14.737091,121.0722491],[14.737389,121.0728945],[14.7380306,121.0734318]]
route, [[14.737807,121.0469643],[14.7381363,121.0468993],[14.7384563,121.0468382],[14.7384523,121.04728],[14.737218,121.0475406],[14.7365346,121.0476849],[14.7353196,121.0479415],[14.7343521,121.0481458],[14.7333323,121.0483611],[14.7316348,121.0487226],[14.7323943,121.0496491],[14.7329445,121.0504736],[14.7335561,121.0523359],[14.7336102,121.0525091],[14.733728,121.0529982],[14.7338637,121.0534411],[14.734237,121.0546072],[14.7344413,121.0552672],[14.7340552,121.0556732],[14.733487,121.0556373],[14.7329442,121.055607],[14.7323449,121.0555596],[14.7316974,121.0554896],[14.7316206,121.0554854],[14.7317488,121.0568567],[14.731877,121.0584781],[14.7318553,121.0597928],[14.7318427,121.0612269],[14.7319089,121.0612281],[14.7347069,121.061249],[14.7353175,121.0612408],[14.7354878,121.0674588],[14.7354864,121.0681816],[14.735556,121.0693926],[14.7375122,121.0716791],[14.7371762,121.0721162],[14.737091,121.0722491],[14.737389,121.0728945],[14.7380306,121.0734318]]
route, [[14.7380306,121.0734318],[14.737389,121.0728945],[14.737091,121.0722491],[14.7371762,121.0721162],[14.7375122,121.0716791],[14.735556,121.0693926],[14.7354864,121.0681816],[14.7354878,121.0674588],[14.7333746,121.0675096],[14.7297453,121.0674822],[14.7294624,121.0669948],[14.7276703,121.0666359],[14.7272451,121.0663729],[14.726795,121.0661045],[14.726258,121.0659138],[14.7258043,121.0659156],[14.7242028,121.0659217],[14.7238328,121.0658779],[14.7205896,121.0658582],[14.720113,121.0658848],[14.7201027,121.0650851],[14.7200952,121.0617915],[14.7201026,121.0611766],[14.7164957,121.0612161],[14.7135393,121.0612439],[14.7111964,121.0611674],[14.7107427,121.0611485],[14.71056,121.0609855],[14.7084697,121.062684],[14.7073182,121.0636228],[14.7068019,121.0642997],[14.7064113,121.0672352],[14.7064116,121.0694467],[14.7059919,121.0716237],[14.7058258,121.0721938],[14.7053686,121.0736057],[14.7050811,121.074697],[14.7050664,121.0754469],[14.7050224,121.0783164],[14.7046853,121.0818025],[14.705061,121.0818793],[14.7057851,121.0821165],[14.7068374,121.0824466],[14.7092617,121.0839816],[14.7096097,121.0849994],[14.7099162,121.0858907],[14.7102345,121.0866221],[14.7103293,121.0868296],[14.7103998,121.0871117],[14.7108037,121.0885367],[14.7110674,121.089207],[14.7112327,121.0897439],[14.7106811,121.0907424],[14.711217,121.0907043],[14.7121129,121.0906035],[14.7133687,121.0902224]]
route, [[14.6014474,121.0672038],[14.6013284,121.0672307],[14.601724,121.0687128],[14.6014262,121.0691047],[14.5949507,121.0705711],[14.5983621,121.0716281],[14.6007939,121.0717962]]
route, [[14.7133687,121.0902224],[14.7121129,121.0906035],[14.711217,121.0907043],[14.7106811,121.0907424],[14.7112327,121.0897439],[14.7110674,121.089207],[14.7108037,121.0885367],[14.7103998,121.0871117],[14.7103293,121.0868296],[14.7102345,121.0866221],[14.7099162,121.0858907],[14.7096097,121.0849994],[14.7092617,121.0839816],[14.7068374,121.0824466],[14.7057851,121.0821165],[14.705061,121.0818793],[14.7051179,121.0812253],[14.7051886,121.0783187],[14.7052058,121.0754447],[14.705535,121.0736512],[14.7059812,121.0722394],[14.7061523,121.0716354],[14.7065851,121.0694251],[14.7066243,121.0672122],[14.7069389,121.064371],[14.7086017,121.0628544],[14.7107427,121.0611485],[14.7150063,121.0575674],[14.7180279,121.0549974],[14.7190752,121.054141],[14.7213508,121.0522475],[14.7217992,121.0527323],[14.7244141,121.0555218],[14.7267732,121.0580217],[14.7292983,121.0608778],[14.7296017,121.0612081],[14.7297679,121.0612047],[14.7303024,121.0612127],[14.7305985,121.0612171],[14.7312426,121.0620681],[14.7347173,121.0619716],[14.7347069,121.061249],[14.7353175,121.0612408],[14.7354878,121.0674588],[14.7354864,121.0681816],[14.735556,121.0693926],[14.7375122,121.0716791],[14.738672,121.0735357],[14.7409038,121.0754868],[14.7421655,121.0751521],[14.7427355,121.0771556]]
route, [[14.7457463,121.0789183],[14.744747,121.0779587],[14.744486,121.0779452],[14.7409038,121.0754868],[14.7421655,121.0751521],[14.7427355,121.0771556]]
route, [[14.7223739,121.0462125],[14.7223794,121.0472425],[14.7228674,121.0472242],[14.7233569,121.0472049],[14.723375,121.048464],[14.7238055,121.0484754],[14.7243772,121.0484718],[14.7251229,121.0484869],[14.7252365,121.0487186],[14.7245389,121.049298],[14.7246511,121.0494198],[14.7311233,121.0474755],[14.7312303,121.0480612],[14.7316348,121.0487226],[14.7333323,121.0483611],[14.7343521,121.0481458],[14.7353196,121.0479415],[14.7365346,121.0476849],[14.737218,121.0475406],[14.7371356,121.0471213],[14.7361389,121.0447189],[14.7367971,121.0437316],[14.7367898,121.0431392]]
route, [[14.7223739,121.0462125],[14.7223794,121.0472425],[14.7228674,121.0472242],[14.7233569,121.0472049],[14.723375,121.048464],[14.7238055,121.0484754],[14.7243772,121.0484718],[14.7251229,121.0484869],[14.7252365,121.0487186],[14.7245389,121.049298],[14.7228175,121.050801],[14.7213469,121.0520184],[14.7208873,121.0515347],[14.7189529,121.0494178],[14.718853,121.0495057],[14.7204518,121.0512799],[14.719979,121.0517221],[14.719096,121.0524158]]
route, [[14.6859374,121.0439461],[14.6855062,121.0437874],[14.6851768,121.043882],[14.6850817,121.0429248],[14.6851875,121.0423283],[14.6852328,121.0416747],[14.6852466,121.0413964],[14.6852607,121.0407273],[14.684582,121.0400969],[14.6844335,121.0390661],[14.6849578,121.0389755],[14.6848789,121.0377863],[14.6848914,121.0372261],[14.6854082,121.0372396],[14.6862654,121.0374148],[14.6874338,121.0365869],[14.6875148,121.0371108],[14.6893187,121.0375839],[14.68962,121.037339],[14.6909986,121.037627],[14.6919818,121.0375612],[14.6923805,121.037546],[14.6923586,121.0367955],[14.6921858,121.0358397],[14.6918604,121.0355353],[14.6914894,121.0350344],[14.6941571,121.0353038],[14.6942699,121.0353077],[14.694932,121.0349162],[14.694997,121.0346237],[14.6963912,121.0337578],[14.6968766,121.0347116],[14.6973947,121.0360331],[14.697839,121.0365378],[14.6990801,121.0409816],[14.6992458,121.041317],[14.6996914,121.0403722],[14.7001418,121.038921]]
route, [[14.7260561,121.1131301],[14.7249038,121.1124224],[14.7216326,121.1118832],[14.7215607,121.1112705],[14.7221964,121.1092515],[14.7227475,121.1080616],[14.7231574,121.1065226],[14.7226982,121.1037992],[14.7201115,121.1003733],[14.7196845,121.1003374],[14.7194594,121.1004246],[14.7174247,121.1007581],[14.7170798,121.1004257],[14.7147797,121.0977279],[14.7146931,121.0960705],[14.7137167,121.09474],[14.7137481,121.0943875],[14.7142263,121.0933827],[14.7133687,121.0902224],[14.7121129,121.0906035],[14.711217,121.0907043],[14.7106811,121.0907424],[14.7112327,121.0897439],[14.7110674,121.089207],[14.7108037,121.0885367],[14.7103998,121.0871117],[14.7103293,121.0868296],[14.7102345,121.0866221],[14.7099162,121.0858907],[14.7096097,121.0849994],[14.7092617,121.0839816],[14.7068374,121.0824466],[14.7057851,121.0821165],[14.705061,121.0818793],[14.7046853,121.0818025],[14.7042743,121.0832376],[14.7034004,121.0844867],[14.7009664,121.0864377],[14.7002431,121.0867094],[14.7001974,121.0864628]]
route, [[14.7001974,121.0864628],[14.7002431,121.0867094],[14.6979452,121.087089],[14.6967309,121.0871373],[14.6928174,121.0870583],[14.692784,121.0871752],[14.6905227,121.0871481],[14.6891514,121.0871114],[14.6891746,121.0874113],[14.6918696,121.0874803],[14.6925587,121.0874785],[14.6943845,121.0874626],[14.6967555,121.0874849],[14.6967642,121.0887746],[14.6989338,121.0889564],[14.6991611,121.0873827],[14.6996871,121.0872815],[14.6997935,121.0872556],[14.7014437,121.0866806],[14.7017458,121.0873296],[14.7022558,121.0893902],[14.7033578,121.0889277],[14.7058352,121.0881383],[14.7064375,121.0883792],[14.7067881,121.0887172],[14.7077572,121.0899161],[14.7079688,121.0901345],[14.7084545,121.0904637],[14.7092919,121.0907593],[14.7106811,121.0907424],[14.711217,121.0907043],[14.7121129,121.0906035],[14.7133687,121.0902224],[14.7142263,121.0933827],[14.7137481,121.0943875],[14.7137167,121.09474],[14.7146931,121.0960705],[14.7147797,121.0977279],[14.7138257,121.0985787],[14.7134809,121.0988803],[14.7123011,121.0999594],[14.7117039,121.1004753],[14.7110936,121.0994588]]
route, [[14.7001974,121.0864628],[14.7006008,121.0853674],[14.7008981,121.0847582],[14.7011144,121.0841788],[14.6998815,121.0837478],[14.6986385,121.0832967],[14.6988705,121.082672],[14.6983433,121.0824695],[14.6983542,121.0820299],[14.6976406,121.0810486],[14.6970151,121.0804147],[14.6972382,121.0797721],[14.6974507,121.0798523],[14.6978502,121.0799917],[14.6988269,121.0804999],[14.6986799,121.0808779]]
route, [[14.7094277,121.0820974],[14.7093649,121.0826045],[14.7064256,121.0816691],[14.7057921,121.081439],[14.7051179,121.0812253],[14.7051886,121.0783187],[14.7050224,121.0783164],[14.7046853,121.0818025],[14.7042743,121.0832376],[14.7034004,121.0844867],[14.7009664,121.0864377],[14.7002431,121.0867094],[14.7001974,121.0864628]]
route, [[14.7086017,121.0628544],[14.7107427,121.0611485],[14.7150063,121.0575674],[14.7180279,121.0549974],[14.7178998,121.0548217],[14.7175475,121.0543432],[14.7179379,121.0540083],[14.719979,121.0517221],[14.719096,121.0524158]]
route, [[14.7133687,121.0902224],[14.7121129,121.0906035],[14.711217,121.0907043],[14.7106811,121.0907424],[14.7112327,121.0897439],[14.7110674,121.089207],[14.7108037,121.0885367],[14.7103998,121.0871117],[14.7103293,121.0868296],[14.7102345,121.0866221],[14.7099162,121.0858907],[14.7096097,121.0849994],[14.7092617,121.0839816],[14.7068374,121.0824466],[14.7057851,121.0821165],[14.705061,121.0818793],[14.7051179,121.0812253],[14.7051886,121.0783187],[14.7052058,121.0754447],[14.705535,121.0736512],[14.7059812,121.0722394],[14.7061523,121.0716354],[14.7065851,121.0694251],[14.7066243,121.0672122],[14.7069389,121.064371],[14.7086017,121.0628544],[14.7107427,121.0611485],[14.7150063,121.0575674],[14.7180279,121.0549974],[14.7190752,121.054141],[14.7213508,121.0522475],[14.7217992,121.0527323],[14.7244141,121.0555218],[14.7267732,121.0580217],[14.7292983,121.0608778],[14.7296017,121.0612081],[14.7297679,121.0612047],[14.7303024,121.0612127],[14.7305985,121.0612171],[14.7312426,121.0620681],[14.7347173,121.0619716],[14.7347069,121.061249],[14.7353175,121.0612408],[14.7354878,121.0674588],[14.7354864,121.0681816],[14.735556,121.0693926],[14.7375122,121.0716791],[14.738672,121.0735357],[14.7409038,121.0754868],[14.744486,121.0779452],[14.744747,121.0779587],[14.7457463,121.0789183],[14.7459193,121.0795514],[14.7460819,121.0800694],[14.7474492,121.0817181],[14.7496012,121.083405]]
route, [[14.7133687,121.0902224],[14.7121129,121.0906035],[14.711217,121.0907043],[14.7106811,121.0907424],[14.7112327,121.0897439],[14.7110674,121.089207],[14.7108037,121.0885367],[14.7103998,121.0871117],[14.7103293,121.0868296],[14.7102345,121.0866221],[14.7099162,121.0858907],[14.7096097,121.0849994],[14.7092617,121.0839816],[14.7099078,121.0841252],[14.7093649,121.0826045],[14.7094277,121.0820974]]
route, [[14.6986799,121.0808779],[14.6988269,121.0804999],[14.7014472,121.0814869],[14.7037625,121.0822762],[14.7039268,121.0816839],[14.7046853,121.0818025],[14.705061,121.0818793],[14.7057851,121.0821165],[14.7068374,121.0824466],[14.7092617,121.0839816],[14.7096097,121.0849994],[14.7099162,121.0858907],[14.7102345,121.0866221],[14.7103293,121.0868296],[14.7103998,121.0871117],[14.7108037,121.0885367],[14.7110674,121.089207],[14.7112327,121.0897439],[14.7106811,121.0907424],[14.711217,121.0907043],[14.7121129,121.0906035],[14.7133687,121.0902224]]
route, [[14.6875738,121.1054626],[14.6879148,121.1051937],[14.6882227,121.1045902],[14.6884998,121.1041961],[14.6888323,121.1037836],[14.6891703,121.103281],[14.6908167,121.10116],[14.6910743,121.1007579],[14.6892028,121.0979198],[14.6891575,121.0978406],[14.6885126,121.098357],[14.6879589,121.0988157],[14.6872111,121.0984884],[14.6855283,121.0978809],[14.6839945,121.0972947],[14.6821936,121.0965037],[14.6819093,121.0970488],[14.680468,121.0965206],[14.6789823,121.0964178],[14.6781122,121.0969383],[14.676655,121.098072],[14.6761699,121.097869],[14.6754396,121.0967145],[14.6750459,121.096043],[14.6745536,121.0939709],[14.6742347,121.0941136],[14.6739728,121.0937345],[14.6742849,121.0925035],[14.6745179,121.0903104],[14.6745305,121.0899721],[14.6745499,121.0896042],[14.6745767,121.0892644],[14.6754949,121.0893063]]
route, [[14.6669492,121.0777723],[14.6669507,121.0767252],[14.6672914,121.076755],[14.6693687,121.0764942],[14.6694685,121.0766103],[14.6696457,121.0764171],[14.6690194,121.0756856],[14.6684852,121.0749264],[14.6679182,121.0740803],[14.6667052,121.0723584],[14.666078,121.0714177],[14.6655243,121.0705167],[14.6652706,121.0701057],[14.6642259,121.068527]]
route, [[14.6642259,121.068527],[14.6639776,121.0687338],[14.6650393,121.0704045],[14.6649672,121.0704996],[14.6644364,121.0715324],[14.6644179,121.0718095],[14.6643165,121.0719969],[14.6639524,121.0728038],[14.6631051,121.0742046],[14.6597174,121.0761146],[14.6597758,121.0762647],[14.6599906,121.076676],[14.6610439,121.0798716],[14.6611949,121.0808577],[14.6608779,121.0819496],[14.6591378,121.081859],[14.658706,121.0819105]]
route, [[14.7086017,121.0628544],[14.7084697,121.062684],[14.7073182,121.0636228],[14.7068019,121.0642997],[14.7064113,121.0672352],[14.7064116,121.0694467],[14.7059919,121.0716237],[14.7058258,121.0721938],[14.7053686,121.0736057],[14.705535,121.0736512],[14.7079197,121.0731322],[14.7081594,121.0741279],[14.7090513,121.0739308],[14.7096358,121.0758002],[14.7101325,121.0777787],[14.7103122,121.0796945],[14.7094445,121.0808089],[14.7094183,121.0814026],[14.7094277,121.0820974]]
route, [[14.7179238,121.0680694],[14.7179319,121.0676429],[14.7179423,121.0671439],[14.7173214,121.0671505],[14.7145572,121.0671797],[14.7141126,121.0659094],[14.7141317,121.0653328],[14.713535,121.0653487],[14.7135275,121.0645631],[14.7130107,121.0645804],[14.7111705,121.0646409],[14.7090078,121.063356],[14.7086017,121.0628544]]
route, [[14.7496012,121.083405],[14.7528523,121.0848707],[14.7536513,121.0849183],[14.7541571,121.0849585],[14.7556336,121.0850954],[14.7580802,121.0857495],[14.758717,121.0859455],[14.7593304,121.0861862],[14.761229,121.0866398],[14.7631036,121.0865842],[14.7644847,121.0858879],[14.765821,121.0850723],[14.7661176,121.0855349],[14.7663206,121.0858319],[14.7646243,121.0869105],[14.7641042,121.0872382],[14.7674473,121.0874242],[14.7668861,121.087802],[14.7663957,121.0880939],[14.7656291,121.0892687],[14.7649196,121.091153],[14.7642116,121.0921386],[14.7637518,121.092601],[14.7626576,121.0938295],[14.7623085,121.0941585],[14.7625331,121.0945752],[14.7627606,121.0950131],[14.7620252,121.0955533],[14.7618597,121.0964726],[14.7622523,121.0979533]]
route, [[14.7622523,121.0979533]]
route, [[14.7110936,121.0994588],[14.7117039,121.1004753],[14.7123011,121.0999594],[14.7134809,121.0988803],[14.7138257,121.0985787],[14.7147797,121.0977279],[14.7146931,121.0960705],[14.7137167,121.09474],[14.7131422,121.095428],[14.7122403,121.09635],[14.7119972,121.0959469],[14.711379,121.095673],[14.7110971,121.0951743],[14.709552,121.0960307],[14.7079003,121.0963473],[14.7075258,121.0963481],[14.7070701,121.0963641],[14.7059717,121.097814],[14.703517,121.0971314],[14.7033217,121.0978508],[14.7029281,121.09779],[14.7022838,121.100105],[14.7018497,121.1010698],[14.7009819,121.1019768],[14.7003839,121.1026295],[14.7002438,121.1028916],[14.6997526,121.1040529],[14.6995535,121.1054653],[14.6995028,121.1063559],[14.6992507,121.106973],[14.6989946,121.1075329],[14.6990026,121.107595],[14.6980828,121.1083236]]
route, [[14.6980828,121.1083236],[14.6978436,121.1079647],[14.696257,121.1091668],[14.6966058,121.1093944],[14.6961441,121.1097517],[14.6959261,121.1096053],[14.6945559,121.1107025],[14.6950376,121.1106515],[14.6962614,121.1109633]]
route, [[14.6986799,121.0808779],[14.6988269,121.0804999],[14.7014472,121.0814869],[14.7037625,121.0822762],[14.7039268,121.0816839],[14.7046853,121.0818025],[14.702958,121.0850723],[14.7027695,121.0852529],[14.6981355,121.0871867],[14.6977204,121.0872081],[14.6967303,121.0872278],[14.6967309,121.0871373],[14.6928174,121.0870583],[14.6905255,121.0870518],[14.6880475,121.0869545],[14.6862418,121.0863891],[14.6844354,121.0856518],[14.6835318,121.0852673],[14.6817771,121.0845207],[14.6780406,121.0829479],[14.6770807,121.082597],[14.6761342,121.0820274],[14.675613,121.0816708],[14.6736812,121.0803108],[14.6728257,121.0795834],[14.6713173,121.0781942],[14.6700533,121.0768931],[14.6696457,121.0764171],[14.6690194,121.0756856],[14.6684852,121.0749264],[14.6679182,121.0740803],[14.6667052,121.0723584],[14.666078,121.0714177],[14.661483,121.0644788],[14.6549468,121.0541552],[14.6537906,121.0527441],[14.6535622,121.0526012],[14.6531138,121.0518545],[14.6532667,121.0511323],[14.6542007,121.0479074],[14.654084,121.0476307],[14.653983,121.0474615],[14.653788,121.0472221],[14.6526139,121.0465967],[14.6521033,121.0465094],[14.6519994,121.0464937],[14.6513637,121.0466126],[14.6505166,121.0468332],[14.6499213,121.0466242],[14.6485393,121.0443877],[14.647696,121.0430258],[14.6425021,121.0346506],[14.6414495,121.0328231],[14.6424436,121.0321989],[14.6408259,121.0296275],[14.639221,121.0270852],[14.6387059,121.02618],[14.6384113,121.0261097],[14.6386086,121.0252156],[14.64103,121.0257747],[14.6425759,121.0261525],[14.6424236,121.0255528],[14.6423054,121.0251333],[14.6426622,121.025031],[14.6430525,121.0249108]]
route, [[14.6986799,121.0808779],[14.6988269,121.0804999],[14.7014472,121.0814869],[14.7037625,121.0822762],[14.7039268,121.0816839],[14.7046853,121.0818025],[14.705061,121.0818793],[14.7057851,121.0821165],[14.7068374,121.0824466],[14.7092617,121.0839816],[14.7096097,121.0849994],[14.7099162,121.0858907],[14.7102345,121.0866221],[14.7103293,121.0868296],[14.7103998,121.0871117],[14.7108037,121.0885367],[14.7110674,121.089207],[14.7112327,121.0897439],[14.7106811,121.0907424],[14.711217,121.0907043],[14.7121129,121.0906035],[14.7133687,121.0902224],[14.7142263,121.0933827],[14.7137481,121.0943875],[14.7137167,121.09474],[14.7146931,121.0960705],[14.7147797,121.0977279],[14.7138257,121.0985787],[14.7134809,121.0988803],[14.7123011,121.0999594],[14.7117039,121.1004753],[14.7110936,121.0994588]]
route, [[14.6986799,121.0808779],[14.6988269,121.0804999],[14.6978502,121.0799917],[14.6977436,121.0789192],[14.697926,121.0784101],[14.6977409,121.078342],[14.6978089,121.0781515],[14.6955691,121.0767604],[14.6950851,121.0773008],[14.6948103,121.0777318],[14.6939706,121.077659],[14.6935618,121.0776697],[14.6929513,121.077163],[14.6929731,121.0758184],[14.6929754,121.0756736],[14.6930101,121.073374],[14.6931682,121.0703257],[14.6927846,121.0702108],[14.6905697,121.0701954],[14.6864194,121.0696328],[14.686414,121.0698771],[14.6858499,121.069858],[14.6853717,121.0699797],[14.6841278,121.0698405],[14.6821705,121.069676],[14.6817852,121.0696541],[14.6813333,121.0696235],[14.6795392,121.0692542],[14.6775879,121.0693281],[14.676233,121.0692605],[14.674281,121.0691818],[14.6726632,121.0688702],[14.6718827,121.0686316],[14.6719422,121.0674973],[14.6720805,121.0663914],[14.6728135,121.0614962],[14.6734184,121.0572388],[14.6737527,121.0552346],[14.6739071,121.0536087],[14.673728,121.0510269],[14.67341,121.0489897],[14.6734642,121.0489357],[14.6745198,121.0469098],[14.6762705,121.046665],[14.6766939,121.0463019],[14.6772327,121.0460998],[14.67893,121.04606],[14.6791171,121.0462147],[14.6804822,121.0466544],[14.6826927,121.0462787],[14.6830337,121.0458952],[14.6834538,121.0455318],[14.6849605,121.0441107],[14.6851768,121.043882],[14.6855062,121.0437874],[14.6859374,121.0439461]]
route, [[14.6669492,121.0777723],[14.666655,121.0775833],[14.6665384,121.077554],[14.6664033,121.0774952],[14.6636301,121.0768611],[14.6635256,121.0754295],[14.6632134,121.0743095],[14.6631051,121.0742046],[14.6597174,121.0761146],[14.6597758,121.0762647],[14.6599906,121.076676],[14.6610439,121.0798716],[14.6611949,121.0808577],[14.6608779,121.0819496],[14.6591378,121.081859],[14.658706,121.0819105]]
route, [[14.6703367,121.037435],[14.6709002,121.0392713],[14.6709502,121.0394379],[14.6713741,121.0412001],[14.6715237,121.0411736],[14.671992,121.0410731],[14.6727124,121.0414169],[14.6731781,121.0415618],[14.6732765,121.0418838],[14.6733802,121.0424194],[14.6745113,121.0424767],[14.6763107,121.0428176],[14.676371,121.0426112],[14.6765033,121.0419977],[14.6765293,121.041877],[14.6803341,121.0426662],[14.6803336,121.0437802],[14.6809453,121.0438392],[14.6812156,121.0437867],[14.6834538,121.0455318],[14.6849605,121.0441107],[14.6851768,121.043882],[14.6855062,121.0437874],[14.6859374,121.0439461]]
route, [[14.6703367,121.037435],[14.6704807,121.0373583],[14.6691815,121.0351957],[14.6691554,121.0351628],[14.668879,121.0348141],[14.6684942,121.0344227],[14.6682664,121.0341695],[14.6680644,121.0339749],[14.6679419,121.0338646],[14.6678401,121.0339574],[14.6676598,121.0341204],[14.6667329,121.0349205],[14.6650498,121.0359553],[14.6638989,121.0363869],[14.6637338,121.0357023],[14.6612379,121.0357313],[14.6595308,121.0353522],[14.6556104,121.0344323],[14.6554286,121.0352319],[14.6546217,121.0350476],[14.6555662,121.0305687],[14.6556177,121.0302221],[14.6560911,121.0285972],[14.656617,121.0262046],[14.6563488,121.0261273],[14.6560745,121.0272916],[14.6556578,121.0292094],[14.6510923,121.0281678],[14.6508301,121.02896],[14.6479391,121.0282941],[14.6479994,121.0268736],[14.6471476,121.027128],[14.6458602,121.0256472],[14.6452199,121.0233007],[14.6446139,121.0234794],[14.644132,121.0236491],[14.6436088,121.0238122],[14.6432249,121.023926],[14.6428282,121.0240439],[14.6430525,121.0249108]]
route, [[14.737807,121.0469643],[14.7381363,121.0468993],[14.7384563,121.0468382],[14.7384523,121.04728],[14.737218,121.0475406],[14.7371356,121.0471213],[14.7361389,121.0447189],[14.7367971,121.0437316],[14.7367898,121.0431392]]
route, [[14.7260561,121.1131301],[14.7249038,121.1124224],[14.7216326,121.1118832],[14.7215607,121.1112705],[14.7221964,121.1092515],[14.7227475,121.1080616],[14.7231574,121.1065226],[14.7226982,121.1037992],[14.7201115,121.1003733],[14.7196845,121.1003374],[14.7194594,121.1004246],[14.7174247,121.1007581],[14.7170798,121.1004257],[14.7147797,121.0977279],[14.7146931,121.0960705],[14.7137167,121.09474],[14.7137481,121.0943875],[14.7142263,121.0933827],[14.7133687,121.0902224],[14.7121129,121.0906035],[14.711217,121.0907043],[14.7106811,121.0907424],[14.7112327,121.0897439],[14.7110674,121.089207],[14.7108037,121.0885367],[14.7103998,121.0871117],[14.7103293,121.0868296],[14.7102345,121.0866221],[14.7099162,121.0858907],[14.7096097,121.0849994],[14.7092617,121.0839816],[14.7068374,121.0824466],[14.7057851,121.0821165],[14.705061,121.0818793],[14.7051179,121.0812253],[14.7051886,121.0783187],[14.7052058,121.0754447],[14.705535,121.0736512],[14.7059812,121.0722394],[14.7061523,121.0716354],[14.7065851,121.0694251],[14.7066243,121.0672122],[14.7069389,121.064371],[14.7086017,121.0628544],[14.7107427,121.0611485],[14.7150063,121.0575674],[14.7180279,121.0549974],[14.7190752,121.054141],[14.7213508,121.0522475],[14.721462,121.05215],[14.7246511,121.0494198],[14.7311233,121.0474755],[14.7312303,121.0480612],[14.7316348,121.0487226],[14.7333323,121.0483611],[14.7343521,121.0481458],[14.7353196,121.0479415],[14.7365346,121.0476849],[14.737218,121.0475406],[14.7384523,121.04728],[14.7384563,121.0468382],[14.7381363,121.0468993],[14.737807,121.0469643]]
route, [[14.6150806,121.0748727],[14.6162403,121.0757468],[14.6163311,121.0761375],[14.6166703,121.0767808],[14.6167537,121.076711],[14.6164435,121.0761276],[14.6163014,121.0754339],[14.6162954,121.0747282],[14.6149476,121.0729064],[14.6145696,121.0712794],[14.6146557,121.0707054],[14.6146647,121.0705704],[14.6145533,121.0705843],[14.6143308,121.0705717],[14.6135167,121.0704341],[14.6020047,121.0690087],[14.6018649,121.0688794],[14.6014474,121.0672038],[14.599757,121.0598314],[14.6094933,121.0558245],[14.6124054,121.0544941],[14.6136968,121.0539042],[14.6147024,121.0534213],[14.6241194,121.0490983],[14.6257346,121.0483699],[14.6274064,121.0475464],[14.6287592,121.0469359],[14.6289769,121.0468307],[14.6307903,121.0460897],[14.6306897,121.0457739],[14.6294176,121.0463854],[14.6292507,121.0452108],[14.628909,121.0440412],[14.6262003,121.0393572],[14.6248615,121.0373539],[14.6244507,121.0374879],[14.6244321,121.0371151],[14.6243523,121.0361279],[14.6242781,121.0351368],[14.6241788,121.0341317],[14.6230204,121.0320855],[14.6217192,121.0298797],[14.6204494,121.0276405],[14.6211668,121.0272007],[14.6218736,121.0267842],[14.6206543,121.0246749],[14.6192708,121.0222714],[14.619206,121.0200641],[14.6203401,121.0196701],[14.6189009,121.0149689],[14.618928,121.0148094],[14.6188377,121.0148205],[14.6167203,121.0158744],[14.6152811,121.0157929],[14.6133937,121.0160274],[14.6121979,121.0160597],[14.6121432,121.0143968],[14.611419,121.0147801],[14.6113247,121.0130876],[14.6120253,121.012188],[14.6128672,121.0110715]]
route, [[14.6430525,121.0249108],[14.6428282,121.0240439],[14.6424267,121.0241859],[14.6420645,121.0228167],[14.6416382,121.021311],[14.6411113,121.0216795],[14.6397519,121.0204314],[14.6391457,121.0199078],[14.6380412,121.0194014],[14.6374558,121.018041],[14.6369393,121.0182329],[14.6354584,121.0181444],[14.6345503,121.0180063],[14.6336258,121.0180728],[14.6328481,121.0169815],[14.631895,121.0159125],[14.6312232,121.0163564],[14.6297059,121.0146513],[14.6262821,121.0108962],[14.6252215,121.0097677],[14.6260701,121.0089545],[14.6244348,121.0071236],[14.6235619,121.0079325],[14.6234554,121.0080516],[14.6225742,121.0088849],[14.6219264,121.0095115],[14.6210796,121.0096088],[14.6201738,121.0096985],[14.6193396,121.0097644],[14.6184707,121.0098317],[14.6170411,121.0097698],[14.6156089,121.0097516],[14.6147598,121.0097481],[14.6142949,121.0097486],[14.6140734,121.0097539],[14.6140583,121.009616],[14.6137439,121.0099193],[14.6128672,121.0110715]]
route, [[14.6962614,121.1109633],[14.6950376,121.1106515],[14.6945559,121.1107025],[14.6941418,121.1106766],[14.6957315,121.109459],[14.6955203,121.1093357],[14.6959583,121.1089767],[14.6971452,121.1079937],[14.6975403,121.1075832],[14.6976196,121.1066126],[14.697748,121.105888],[14.6979516,121.105069],[14.6991127,121.1053501],[14.6995535,121.1054653],[14.6997526,121.1040529],[14.6984728,121.1036882],[14.6975447,121.1037406],[14.697119,121.1038134],[14.6953025,121.1041829],[14.6946103,121.1043911],[14.6941842,121.1048982],[14.6936668,121.1052121],[14.6928614,121.1053026],[14.6920142,121.1050561],[14.6922979,121.1056565],[14.6906449,121.1049812],[14.6904478,121.1054027],[14.6884998,121.1041961],[14.6882227,121.1045902],[14.6879148,121.1051937],[14.6875738,121.1054626]]
route, [[14.6260521,121.049107],[14.6232196,121.0512105]]
route, [[14.7094277,121.0820974],[14.7093649,121.0826045],[14.7064256,121.0816691],[14.7057921,121.081439],[14.7051179,121.0812253],[14.7051886,121.0783187],[14.7052058,121.0754447],[14.705535,121.0736512],[14.7059812,121.0722394],[14.7061523,121.0716354],[14.7065851,121.0694251],[14.7066243,121.0672122],[14.7069389,121.064371],[14.7086017,121.0628544],[14.7107427,121.0611485],[14.7111964,121.0611674],[14.7135393,121.0612439],[14.7135373,121.0618155],[14.7141512,121.0618097],[14.7141317,121.0653328],[14.7141126,121.0659094],[14.7145572,121.0671797],[14.7173214,121.0671505],[14.7179423,121.0671439],[14.7179319,121.0676429],[14.7179238,121.0680694]]
route, [[14.7496012,121.083405]]
route, [[14.6260521,121.049107],[14.6257346,121.0483699],[14.6274064,121.0475464],[14.6287592,121.0469359],[14.6288436,121.0475909],[14.6309645,121.0466362],[14.6311509,121.0473726],[14.6318428,121.049821],[14.6325405,121.0520819],[14.6332218,121.0543813],[14.633839,121.0566539],[14.6345147,121.0588537],[14.6351584,121.061201],[14.634676,121.0616362],[14.6357362,121.063989],[14.6357847,121.0643658],[14.6347974,121.0707356],[14.63415,121.0730098],[14.6364005,121.0731214],[14.6361022,121.0742932],[14.6353853,121.0742684],[14.6275715,121.0741242],[14.6236702,121.0741879],[14.620923,121.0729261],[14.6191555,121.0721114],[14.6181466,121.0716464],[14.6123875,121.0753079],[14.6117092,121.0754503],[14.611741,121.0756094],[14.612448,121.0754478],[14.6142528,121.0750652],[14.6144205,121.0750293],[14.6150806,121.0748727]]
route, [[14.6430525,121.0249108],[14.6428282,121.0240439],[14.6432249,121.023926],[14.6436088,121.0238122],[14.644132,121.0236491],[14.6446139,121.0234794],[14.6452199,121.0233007],[14.6458602,121.0256472],[14.6471476,121.027128],[14.6479994,121.0268736],[14.6479391,121.0282941],[14.6508301,121.02896],[14.6546234,121.0298339],[14.6550421,121.0302904],[14.6534421,121.0313571],[14.6459649,121.0362424],[14.6416509,121.0391243],[14.6396023,121.0404147],[14.6371102,121.0419704],[14.6346758,121.0436235],[14.628895,121.0466517],[14.6281434,121.0469778],[14.6280085,121.0470421],[14.6273337,121.0473533],[14.6256465,121.0481436],[14.6243909,121.0487181],[14.6240266,121.0488848],[14.6234569,121.0490946],[14.6217435,121.0498852],[14.6218682,121.050172],[14.6241194,121.0490983],[14.6257346,121.0483699],[14.6260521,121.049107]]
route, [[14.7367898,121.0431392],[14.7367971,121.0437316],[14.7361389,121.0447189],[14.7371356,121.0471213],[14.737218,121.0475406],[14.7365346,121.0476849],[14.7353196,121.0479415],[14.7343521,121.0481458],[14.7333323,121.0483611],[14.7316348,121.0487226],[14.7312303,121.0480612],[14.7311233,121.0474755],[14.7310902,121.0473148],[14.7252365,121.0487186],[14.7245389,121.049298],[14.7228175,121.050801],[14.7213469,121.0520184],[14.7212363,121.0521142],[14.7189242,121.0539804],[14.7178998,121.0548217],[14.7148535,121.0573957],[14.71056,121.0609855],[14.7084697,121.062684],[14.7073182,121.0636228],[14.7068019,121.0642997],[14.7064113,121.0672352],[14.7064116,121.0694467],[14.7059919,121.0716237],[14.7058258,121.0721938],[14.7053686,121.0736057],[14.7050811,121.074697],[14.7050664,121.0754469],[14.7050224,121.0783164],[14.7046853,121.0818025],[14.702958,121.0850723],[14.7027695,121.0852529],[14.6981355,121.0871867],[14.6977204,121.0872081],[14.6967303,121.0872278],[14.6967309,121.0871373],[14.6928174,121.0870583],[14.6905255,121.0870518],[14.6880475,121.0869545],[14.6862418,121.0863891],[14.6844354,121.0856518],[14.6835318,121.0852673],[14.6817771,121.0845207],[14.6780406,121.0829479],[14.6770807,121.082597],[14.6761342,121.0820274],[14.675613,121.0816708],[14.6736812,121.0803108],[14.6728257,121.0795834],[14.6713173,121.0781942],[14.6700533,121.0768931],[14.6696457,121.0764171],[14.6690194,121.0756856],[14.6684852,121.0749264],[14.6679182,121.0740803],[14.6667052,121.0723584],[14.666078,121.0714177],[14.661483,121.0644788],[14.6549468,121.0541552],[14.6537906,121.0527441],[14.6535622,121.0526012],[14.6531138,121.0518545],[14.6532667,121.0511323],[14.6542007,121.0479074],[14.654084,121.0476307],[14.653983,121.0474615],[14.653788,121.0472221],[14.6526139,121.0465967],[14.6521033,121.0465094],[14.6519994,121.0464937],[14.6513637,121.0466126],[14.6505166,121.0468332],[14.6499213,121.0466242],[14.6485393,121.0443877],[14.647696,121.0430258],[14.6425021,121.0346506],[14.6414495,121.0328231],[14.6424436,121.0321989],[14.6408259,121.0296275],[14.639221,121.0270852],[14.6387059,121.02618],[14.6384113,121.0261097],[14.6386086,121.0252156],[14.64103,121.0257747],[14.6425759,121.0261525],[14.6424236,121.0255528],[14.6423054,121.0251333],[14.6426622,121.025031],[14.6430525,121.0249108]]
route, [[14.7622523,121.0979533],[14.7618597,121.0964726],[14.7636722,121.0966132],[14.7638586,121.0980864]]
route, [[14.6150806,121.0748727],[14.6162403,121.0757468],[14.6163311,121.0761375],[14.6166703,121.0767808],[14.6180372,121.0781337],[14.6232711,121.0812284],[14.6242776,121.0812145],[14.6242086,121.0811132],[14.6236338,121.0802176],[14.6260405,121.0785378],[14.6245374,121.074863],[14.623725,121.0746213],[14.6241141,121.0744412],[14.627599,121.0742573],[14.6362771,121.0745149],[14.6405638,121.0746769],[14.642545,121.0747754],[14.6475037,121.0744639],[14.6483156,121.0744887],[14.6493772,121.0744881],[14.6535484,121.0744699],[14.6543835,121.0745495],[14.6557383,121.0745459],[14.6574092,121.0744931],[14.6597758,121.0762647],[14.6599906,121.076676],[14.6610439,121.0798716],[14.6611949,121.0808577],[14.6608779,121.0819496],[14.6591378,121.081859],[14.658706,121.0819105]]
route, [[14.6150806,121.0748727],[14.6162403,121.0757468],[14.6163311,121.0761375],[14.6166703,121.0767808],[14.6167537,121.076711],[14.6164435,121.0761276],[14.6163014,121.0754339],[14.6162954,121.0747282],[14.6149476,121.0729064],[14.6145696,121.0712794],[14.6146557,121.0707054],[14.6146647,121.0705704],[14.6145533,121.0705843],[14.6143308,121.0705717],[14.6135167,121.0704341],[14.6020047,121.0690087],[14.6018649,121.0688794],[14.6014474,121.0672038],[14.599757,121.0598314],[14.6094933,121.0558245],[14.6124054,121.0544941],[14.6136968,121.0539042],[14.6147024,121.0534213],[14.6241194,121.0490983],[14.6257346,121.0483699],[14.6274064,121.0475464],[14.6287592,121.0469359],[14.6289769,121.0468307],[14.6347383,121.0438052],[14.6372396,121.0422188],[14.6384384,121.0414824],[14.6414503,121.0394458],[14.6437899,121.0379841],[14.6441891,121.0377228],[14.644361,121.0376225],[14.6442484,121.0372881],[14.6438464,121.036677],[14.6430937,121.0353892],[14.6425021,121.0346506],[14.6414495,121.0328231],[14.6424436,121.0321989],[14.6408259,121.0296275],[14.639221,121.0270852],[14.6387059,121.02618],[14.6384113,121.0261097],[14.6386086,121.0252156],[14.64103,121.0257747],[14.6425759,121.0261525],[14.6424236,121.0255528],[14.6423054,121.0251333],[14.6426622,121.025031],[14.6430525,121.0249108]]
route, [[14.7638586,121.0980864],[14.7638804,121.0975079],[14.7643115,121.0964877],[14.7650661,121.0963769],[14.7632891,121.0939491],[14.7637987,121.0934003],[14.764576,121.0924331],[14.7642116,121.0921386],[14.7649196,121.091153],[14.7656291,121.0892687],[14.7663957,121.0880939],[14.7668861,121.087802],[14.7674473,121.0874242],[14.7641042,121.0872382],[14.7646243,121.0869105],[14.7663206,121.0858319],[14.7661176,121.0855349],[14.765821,121.0850723],[14.7644847,121.0858879],[14.7631036,121.0865842],[14.761229,121.0866398],[14.7593304,121.0861862],[14.758717,121.0859455],[14.7580802,121.0857495],[14.7556336,121.0850954],[14.7541571,121.0849585],[14.7536513,121.0849183],[14.7528523,121.0848707],[14.7496012,121.083405],[14.7474492,121.0817181],[14.7460819,121.0800694],[14.7459193,121.0795514],[14.7457463,121.0789183],[14.744747,121.0779587],[14.744486,121.0779452],[14.7409038,121.0754868],[14.738672,121.0735357],[14.7375122,121.0716791],[14.735556,121.0693926],[14.7354864,121.0681816],[14.7354878,121.0674588],[14.7333746,121.0675096],[14.7297453,121.0674822],[14.7294624,121.0669948],[14.7276703,121.0666359],[14.7272451,121.0663729],[14.726795,121.0661045],[14.726258,121.0659138],[14.7258043,121.0659156],[14.7242028,121.0659217],[14.7238328,121.0658779],[14.7205896,121.0658582],[14.720113,121.0658848],[14.7201027,121.0650851],[14.7200952,121.0617915],[14.7201026,121.0611766],[14.7164957,121.0612161],[14.7135393,121.0612439],[14.7111964,121.0611674],[14.7107427,121.0611485],[14.71056,121.0609855],[14.7084697,121.062684],[14.7073182,121.0636228],[14.7068019,121.0642997],[14.7064113,121.0672352],[14.7064116,121.0694467],[14.7059919,121.0716237],[14.7058258,121.0721938],[14.7053686,121.0736057],[14.7050811,121.074697],[14.7050664,121.0754469],[14.7050224,121.0783164],[14.7046853,121.0818025],[14.705061,121.0818793],[14.7057851,121.0821165],[14.7068374,121.0824466],[14.7092617,121.0839816],[14.7096097,121.0849994],[14.7099162,121.0858907],[14.7102345,121.0866221],[14.7103293,121.0868296],[14.7103998,121.0871117],[14.7108037,121.0885367],[14.7110674,121.089207],[14.7112327,121.0897439],[14.7106811,121.0907424],[14.711217,121.0907043],[14.7121129,121.0906035],[14.7133687,121.0902224],[14.7142263,121.0933827],[14.7137481,121.0943875],[14.7137167,121.09474],[14.7146931,121.0960705],[14.7147797,121.0977279],[14.7170798,121.1004257],[14.7174247,121.1007581],[14.7194594,121.1004246],[14.7196845,121.1003374],[14.7201115,121.1003733],[14.7226982,121.1037992],[14.7231574,121.1065226],[14.7227475,121.1080616],[14.7221964,121.1092515],[14.7215607,121.1112705],[14.7216326,121.1118832],[14.7249038,121.1124224],[14.7260561,121.1131301]]
route, [[14.7638586,121.0980864],[14.7638804,121.0975079],[14.7643115,121.0964877],[14.7650661,121.0963769],[14.7632891,121.0939491],[14.7637987,121.0934003],[14.764576,121.0924331],[14.7642116,121.0921386],[14.7649196,121.091153],[14.7656291,121.0892687],[14.7663957,121.0880939],[14.7668861,121.087802],[14.7674473,121.0874242],[14.7641042,121.0872382],[14.7646243,121.0869105],[14.7663206,121.0858319],[14.7661176,121.0855349],[14.765821,121.0850723],[14.7644847,121.0858879],[14.7631036,121.0865842],[14.761229,121.0866398],[14.7593304,121.0861862],[14.758717,121.0859455],[14.7580802,121.0857495],[14.7556336,121.0850954],[14.7541571,121.0849585],[14.7536513,121.0849183],[14.7528523,121.0848707],[14.7496012,121.083405]]
route, [[14.7457463,121.0789183],[14.744747,121.0779587],[14.744486,121.0779452],[14.7409038,121.0754868],[14.738672,121.0735357],[14.7375122,121.0716791],[14.735556,121.0693926],[14.7354864,121.0681816],[14.7354878,121.0674588],[14.7333746,121.0675096],[14.7297453,121.0674822],[14.7294624,121.0669948],[14.7276703,121.0666359],[14.7272451,121.0663729],[14.726795,121.0661045],[14.726258,121.0659138],[14.7258043,121.0659156],[14.7242028,121.0659217],[14.7238328,121.0658779],[14.7205896,121.0658582],[14.720113,121.0658848],[14.7201027,121.0650851],[14.7200952,121.0617915],[14.7201026,121.0611766],[14.7164957,121.0612161],[14.7135393,121.0612439],[14.7111964,121.0611674],[14.7107427,121.0611485],[14.71056,121.0609855],[14.7084697,121.062684],[14.7073182,121.0636228],[14.7068019,121.0642997],[14.7064113,121.0672352],[14.7064116,121.0694467],[14.7059919,121.0716237],[14.7058258,121.0721938],[14.7053686,121.0736057],[14.7050811,121.074697],[14.7050664,121.0754469],[14.7050224,121.0783164],[14.7046853,121.0818025],[14.705061,121.0818793],[14.7057851,121.0821165],[14.7068374,121.0824466],[14.7092617,121.0839816],[14.7096097,121.0849994],[14.7099162,121.0858907],[14.7102345,121.0866221],[14.7103293,121.0868296],[14.7103998,121.0871117],[14.7108037,121.0885367],[14.7110674,121.089207],[14.7112327,121.0897439],[14.7106811,121.0907424],[14.711217,121.0907043],[14.7121129,121.0906035],[14.7133687,121.0902224],[14.7142263,121.0933827],[14.7137481,121.0943875],[14.7137167,121.09474],[14.7146931,121.0960705],[14.7147797,121.0977279],[14.7170798,121.1004257],[14.7174247,121.1007581],[14.7194594,121.1004246],[14.7196845,121.1003374],[14.7201115,121.1003733],[14.7226982,121.1037992],[14.7231574,121.1065226],[14.7227475,121.1080616],[14.7221964,121.1092515],[14.7215607,121.1112705],[14.7216326,121.1118832],[14.7249038,121.1124224],[14.7260561,121.1131301]]
route, [[14.7457463,121.0789183],[14.7459193,121.0795514],[14.7460819,121.0800694],[14.7474492,121.0817181],[14.7496012,121.083405]]
route, [[14.7260561,121.1131301],[14.7249038,121.1124224],[14.7216326,121.1118832],[14.7215607,121.1112705],[14.7221964,121.1092515],[14.7227475,121.1080616],[14.7231574,121.1065226],[14.7226982,121.1037992],[14.7201115,121.1003733],[14.7196845,121.1003374],[14.7194594,121.1004246],[14.7174247,121.1007581],[14.7170798,121.1004257],[14.7147797,121.0977279],[14.7138257,121.0985787],[14.7134809,121.0988803],[14.7123011,121.0999594],[14.7117039,121.1004753],[14.7110936,121.0994588]]
route, [[14.7110936,121.0994588],[14.7117039,121.1004753],[14.7123011,121.0999594],[14.7134809,121.0988803],[14.7138257,121.0985787],[14.7147797,121.0977279],[14.7146931,121.0960705],[14.7137167,121.09474],[14.7137481,121.0943875],[14.7142263,121.0933827],[14.7133687,121.0902224],[14.7121129,121.0906035],[14.711217,121.0907043],[14.7106811,121.0907424],[14.7112327,121.0897439],[14.7110674,121.089207],[14.7108037,121.0885367],[14.7103998,121.0871117],[14.7103293,121.0868296],[14.7102345,121.0866221],[14.7099162,121.0858907],[14.7096097,121.0849994],[14.7092617,121.0839816],[14.7099078,121.0841252],[14.7093649,121.0826045],[14.7094277,121.0820974]]
route, [[14.6705835,121.0405546],[14.670735,121.0411422],[14.6708094,121.041388],[14.6713741,121.0412001],[14.6715237,121.0411736],[14.671992,121.0410731],[14.6727124,121.0414169],[14.6731781,121.0415618],[14.6732765,121.0418838],[14.6733802,121.0424194],[14.6745113,121.0424767],[14.6763107,121.0428176],[14.676371,121.0426112],[14.6765033,121.0419977],[14.6765293,121.041877],[14.6803341,121.0426662],[14.6803336,121.0437802],[14.6809453,121.0438392],[14.6812156,121.0437867],[14.6834538,121.0455318],[14.6849605,121.0441107],[14.6851768,121.043882],[14.6855062,121.0437874],[14.6859374,121.0439461]]
route, [[14.6007939,121.0717962],[14.6014199,121.0788291],[14.6011182,121.0792629],[14.5996999,121.0793376],[14.5944416,121.0796102]]
