stop, 14.5554519, 121.0107568, #ff9900
stop, 14.5567651, 121.0038056, #ff9900
stop, 14.540529, 121.0620039, #ff9900
stop, 14.5560461, 121.0390661, #ff9900
stop, 14.5517239, 121.0267399, #ff9900
stop, 14.5384466, 121.0398996, #ff9900
stop, 14.5682449, 121.0076055, #ff9900
stop, 14.5609611, 121.0623372, #ff9900
stop, 14.5656478, 121.0319569, #ff9900
stop, 14.5622474, 121.003359, #ff9900
stop, 14.5449567, 121.0232477, #ff9900
stop, 14.5627139, 121.0483541, #ff9900
stop, 14.5606146, 121.0206138, #ff9900
stop, 14.5625764, 121.003704, #ff9900
stop, 14.5732815, 121.01481, #ff9900
stop, 14.5506969, 121.0218787, #ff9900
stop, 14.537189, 121.0649549, #ff9900
stop, 14.5329277, 121.0587846, #ff9900
stop, 14.5569912, 121.0185409, #ff9900
stop, 14.5614453, 121.0415854, #ff9900
stop, 14.5685126, 121.0192998, #ff9900
stop, 14.554093, 121.0092099, #ff9900
stop, 14.5701809, 121.0227204, #ff9900
stop, 14.5470045, 121.0265738, #ff9900
stop, 14.5389279, 121.0399528, #ff9900
stop, 14.5736812, 121.0218637, #ff9900
stop, 14.5390336, 121.0159764, #ff9900
stop, 14.5410284, 121.0184241, #ff9900
stop, 14.5635278, 121.0455457, #ff9900
stop, 14.5642978, 121.0481879, #ff9900
stop, 14.5725109, 121.0171314, #ff9900
stop, 14.5510983, 121.0085838, #ff9900
stop, 14.5629577, 121.0385776, #ff9900
stop, 14.5736812, 121.0218637, #ff9900
stop, 14.5432983, 121.0150598, #ff9900
stop, 14.5453843, 121.0637192, #ff9900
stop, 14.5560461, 121.0390661, #ff9900
stop, 14.5428727, 121.0153855, #ff9900
stop, 14.5556195, 121.0110948, #ff9900
stop, 14.5460995, 121.0633514, #ff9900
stop, 14.557478, 121.0384997, #ff9900
stop, 14.5466543, 121.0344755, #ff9900
stop, 14.5410284, 121.0184241, #ff9900
stop, 14.5725109, 121.0171314, #ff9900
stop, 14.5476759, 121.034468, #ff9900
stop, 14.5517277, 121.0192103, #ff9900
stop, 14.5569318, 121.0213518, #ff9900
stop, 14.5354855, 121.017914, #ff9900
stop, 14.5589383, 121.065978, #ff9900
stop, 14.5482271, 121.0097684, #ff9900
route, [[14.5554519,121.0107568],[14.5556195,121.0110948],[14.5566186,121.0107571],[14.5576609,121.0103877],[14.5583307,121.0100945],[14.55888,121.0098416],[14.5598551,121.0118057],[14.5598943,121.0118818],[14.560028,121.0118115],[14.5599851,121.0117298],[14.5582107,121.0081891],[14.5580004,121.0078346],[14.5578821,121.0075865],[14.5577568,121.0073362],[14.5574451,121.0067741],[14.5569143,121.0057101],[14.5561032,121.0039898],[14.5567651,121.0038056],[14.5566011,121.0033678]]
route, [[14.5510983,121.0085838],[14.5512479,121.0091961],[14.5514055,121.009826],[14.5515389,121.0103816],[14.5515981,121.0105726],[14.5516186,121.0106386],[14.5511834,121.0108697],[14.5512342,121.0111196],[14.555323,121.0088814],[14.555497,121.0089058],[14.5565583,121.0083193],[14.5569847,121.0083746],[14.5570017,121.0084169],[14.5557697,121.0090888],[14.5559544,121.0094891],[14.5550477,121.0099942],[14.5552784,121.0104269],[14.5554519,121.0107568]]
route, [[14.5566011,121.0033678],[14.5579414,121.0030141],[14.5580652,121.0034893],[14.5594658,121.0031475],[14.5600107,121.003015],[14.5610998,121.0026839],[14.561524,121.0024252],[14.5615797,121.0026808],[14.5622474,121.003359]]
route, [[14.5329277,121.0587846],[14.5314003,121.0583489],[14.5311717,121.0582748],[14.5309673,121.0582108],[14.5307718,121.0581425],[14.5304998,121.0580858],[14.5305409,121.0578612],[14.5307296,121.0576234],[14.5327629,121.0580283],[14.5327684,121.0574632],[14.5313332,121.0574566],[14.5309744,121.0573498],[14.5309573,121.0574534],[14.5289251,121.0567568],[14.5259297,121.055596],[14.5199104,121.0526278],[14.5186781,121.050597],[14.519273,121.0483176],[14.5197221,121.0473717],[14.5255009,121.0435305],[14.526694,121.0428732],[14.5282011,121.0421848],[14.5304252,121.0413113],[14.5347822,121.0409822],[14.5347897,121.0408341],[14.5319924,121.0349464],[14.5258114,121.0273127],[14.5274519,121.0265199],[14.5410284,121.0184241],[14.5414645,121.0181678],[14.544293,121.016657],[14.5481954,121.0145085],[14.5514587,121.0136215],[14.5534543,121.0137634],[14.5550482,121.0136042],[14.5583259,121.0126546],[14.5593599,121.0121751],[14.5598943,121.0118818],[14.560028,121.0118115],[14.5599851,121.0117298],[14.5582107,121.0081891],[14.5580004,121.0078346],[14.5578821,121.0075865],[14.5577568,121.0073362],[14.5574451,121.0067741],[14.5569143,121.0057101],[14.5561032,121.0039898],[14.5567651,121.0038056],[14.5566011,121.0033678]]
route, [[14.554093,121.0092099],[14.5537217,121.0084044],[14.5543281,121.0080696],[14.5548888,121.0077515],[14.5545335,121.0063033],[14.5544173,121.0058356],[14.5560249,121.0054216],[14.5562534,121.0058695],[14.5569143,121.0057101],[14.5561032,121.0039898],[14.5567651,121.0038056],[14.5566011,121.0033678]]
route, [[14.5619419,121.0042108],[14.5617943,121.0036996],[14.5615797,121.0026808],[14.561524,121.0024252],[14.5610998,121.0026839],[14.5600107,121.003015],[14.5594658,121.0031475],[14.5580652,121.0034893],[14.5567651,121.0038056],[14.5566011,121.0033678]]
route, [[14.540529,121.0620039],[14.5403213,121.06227],[14.5401718,121.062476],[14.5400048,121.0627162],[14.5398057,121.0621067],[14.5393576,121.0623143],[14.5390938,121.0624725],[14.5371109,121.0637542],[14.5372099,121.0639351],[14.5373078,121.0641912],[14.5368894,121.0644758],[14.5370379,121.0647198],[14.537189,121.0649549],[14.5373379,121.0651766]]
route, [[14.540529,121.0620039],[14.5405755,121.0610597],[14.5408212,121.0610469],[14.5412017,121.0610519],[14.5416094,121.0610831],[14.5420278,121.0611372],[14.5423339,121.0611514],[14.5426278,121.0611915],[14.5429439,121.0612277],[14.5433848,121.0607178],[14.5436046,121.0598464],[14.5437727,121.0599219],[14.5439063,121.0599818],[14.5440118,121.0600292],[14.544312,121.0601644],[14.5446403,121.0603041],[14.5449501,121.060436],[14.5452511,121.0607555],[14.5454915,121.0610705],[14.545835,121.0612786],[14.5459083,121.0613084],[14.5461877,121.0614221],[14.5460485,121.0621323],[14.5459251,121.062916],[14.5460995,121.0633514],[14.5456968,121.0635379],[14.5453843,121.0637192]]
route, [[14.546331,121.06372],[14.5460995,121.0633514],[14.5459251,121.062916],[14.5460485,121.0621323],[14.5461877,121.0614221],[14.5459083,121.0613084],[14.545835,121.0612786],[14.5454915,121.0610705],[14.5452511,121.0607555],[14.5449501,121.060436],[14.5446403,121.0603041],[14.544312,121.0601644],[14.5440118,121.0600292],[14.5439063,121.0599818],[14.5437727,121.0599219],[14.5436046,121.0598464],[14.5433848,121.0607178],[14.5429439,121.0612277],[14.5426278,121.0611915],[14.5423339,121.0611514],[14.5420278,121.0611372],[14.5416094,121.0610831],[14.5412017,121.0610519],[14.5408212,121.0610469],[14.5405755,121.0610597],[14.540529,121.0620039]]
route, [[14.5506969,121.0218787],[14.5503982,121.022742],[14.55012,121.0232747],[14.5500608,121.0233708],[14.5489291,121.0248314],[14.5498048,121.025853],[14.5506318,121.026801],[14.5509542,121.0272086],[14.5512682,121.0272118],[14.5517239,121.0267399]]
route, [[14.5517239,121.0267399],[14.5506318,121.026801],[14.5509542,121.0272086],[14.5511666,121.027484],[14.5516446,121.0280204],[14.5534251,121.0333385],[14.5555825,121.0359321],[14.55637,121.0368195],[14.5566221,121.0371289],[14.5569488,121.0375122],[14.5572828,121.0379042],[14.557528,121.0381917],[14.5578556,121.0385759],[14.5581846,121.0389675],[14.5585347,121.0393857],[14.5592121,121.0401552],[14.5595677,121.0406028],[14.5599718,121.0411106],[14.561559,121.042974],[14.5634386,121.0443951],[14.5632056,121.0447924],[14.5629542,121.0450642],[14.5635278,121.0455457]]
route, [[14.5517239,121.0267399],[14.5506318,121.026801],[14.5496996,121.0276321],[14.548876,121.0266842],[14.5485106,121.0270153],[14.5476326,121.0259894],[14.5451091,121.0231228],[14.5422385,121.0195182],[14.5392702,121.0131219],[14.5391221,121.0123073],[14.5397114,121.0121966],[14.5401401,121.012118],[14.540582,121.0120467],[14.5410449,121.0119617],[14.5412827,121.0133369],[14.5416442,121.0146813],[14.5420562,121.0145505],[14.5425105,121.0144034],[14.542944,121.0142391],[14.5432983,121.0150598],[14.5430437,121.0152972]]
route, [[14.5584222,121.0224325],[14.5573524,121.0227653],[14.5569318,121.0213518],[14.5568858,121.0211715],[14.5567664,121.0210903],[14.556731,121.0211395],[14.5546561,121.024307],[14.5545871,121.0244225],[14.5537674,121.0256548],[14.5532696,121.0262827],[14.5532137,121.0263497],[14.552327,121.0273386],[14.5517239,121.0267399]]
route, [[14.5517239,121.0267399],[14.5506318,121.026801],[14.5496996,121.0276321],[14.548876,121.0266842],[14.5485106,121.0270153],[14.5476326,121.0259894],[14.5473883,121.0261985],[14.5470045,121.0265738]]
route, [[14.5389279,121.0399528],[14.5384466,121.0398996]]
route, [[14.5384466,121.0398996],[14.5379745,121.0410421],[14.5372908,121.0419367],[14.5368814,121.0421175],[14.5356832,121.0447435],[14.5345362,121.0446875],[14.5347822,121.0409822],[14.5347897,121.0408341],[14.5319924,121.0349464],[14.5258114,121.0273127],[14.5274519,121.0265199],[14.5410284,121.0184241],[14.5419814,121.0196381],[14.5449567,121.0232477],[14.5473883,121.0261985],[14.5470045,121.0265738]]
route, [[14.5622474,121.003359],[14.5625764,121.003704],[14.5629505,121.0034263],[14.5633195,121.0031511],[14.5636842,121.002877],[14.5640465,121.0026065],[14.5644182,121.002329],[14.5648671,121.0020236],[14.5651225,121.0022655],[14.5654013,121.0025366],[14.5658826,121.0029938],[14.5660025,121.0031617],[14.5664313,121.0035985],[14.5672227,121.0043684],[14.5674732,121.0046164],[14.5677084,121.0048521],[14.5679524,121.0050965],[14.5680869,121.0052312],[14.5680237,121.0060841],[14.5681923,121.006398],[14.5678883,121.006532],[14.5680707,121.0070653],[14.5682449,121.0076055]]
route, [[14.5725109,121.0171314],[14.5715659,121.0167977],[14.5716432,121.016366],[14.5712124,121.0161448],[14.5713394,121.0153781],[14.5714676,121.014512],[14.5721619,121.013725],[14.5719012,121.0135901],[14.5717668,121.0135157],[14.5714678,121.0133574],[14.5709171,121.0130914],[14.5703974,121.0127958],[14.5698549,121.0125175],[14.5693257,121.012249],[14.5700544,121.0107926],[14.5695258,121.0105073],[14.5689899,121.0102088],[14.5691394,121.0099257],[14.5686777,121.0092364],[14.5683795,121.008778],[14.5684215,121.0081694],[14.5682449,121.0076055]]
route, [[14.5682449,121.0076055],[14.5680707,121.0070653],[14.5670814,121.0072087],[14.5671173,121.0066108],[14.5671514,121.0060411],[14.5672227,121.0043684],[14.567204,121.0042735],[14.5670362,121.004079],[14.5666167,121.0032731],[14.5664442,121.0029248],[14.5663543,121.0027425],[14.5658826,121.0029938],[14.5654084,121.0032564],[14.5649667,121.0034884],[14.5645344,121.0037128],[14.5641104,121.0039404],[14.5633195,121.0031511],[14.5629505,121.0034263],[14.5625764,121.003704],[14.5619419,121.0042108]]
route, [[14.5682449,121.0076055],[14.5680707,121.0070653],[14.5691977,121.006344],[14.5693997,121.0065463],[14.5696499,121.006797],[14.5698653,121.0070128],[14.5703403,121.0074887],[14.57039,121.0075384],[14.5728239,121.0099628],[14.5740785,121.011254],[14.575024,121.0121544],[14.5741374,121.0128752],[14.572745,121.0136158],[14.5730293,121.0138529],[14.573349,121.0141035],[14.5736259,121.0142903],[14.5732815,121.01481]]
route, [[14.5329277,121.0587846],[14.5314003,121.0583489],[14.5311717,121.0582748],[14.5309673,121.0582108],[14.5307718,121.0581425],[14.5304998,121.0580858],[14.5305409,121.0578612],[14.5307296,121.0576234],[14.5327629,121.0580283],[14.5327684,121.0574632],[14.5313332,121.0574566],[14.5309744,121.0573498],[14.5309573,121.0574534],[14.5289251,121.0567568],[14.5259297,121.055596],[14.5199104,121.0526278],[14.5186781,121.050597],[14.519273,121.0483176],[14.5197221,121.0473717],[14.5255009,121.0435305],[14.526694,121.0428732],[14.5282011,121.0421848],[14.5304252,121.0413113],[14.5347822,121.0409822],[14.5347897,121.0408341],[14.5319924,121.0349464],[14.5258114,121.0273127],[14.5274519,121.0265199],[14.5410284,121.0184241],[14.5414645,121.0181678],[14.544293,121.016657],[14.5481954,121.0145085],[14.5514587,121.0136215],[14.5514658,121.0130314],[14.5514702,121.0123284],[14.5514023,121.011936],[14.5513246,121.0115645],[14.5512942,121.0114149],[14.5512342,121.0111196],[14.555323,121.0088814],[14.5602084,121.0063055],[14.5660025,121.0031617],[14.5664313,121.0035985],[14.5672227,121.0043684],[14.5674732,121.0046164],[14.5677084,121.0048521],[14.5679524,121.0050965],[14.5680869,121.0052312],[14.5680237,121.0060841],[14.5681923,121.006398],[14.5678883,121.006532],[14.5680707,121.0070653],[14.5682449,121.0076055]]
route, [[14.5685126,121.0192998],[14.5688699,121.0203948],[14.5687669,121.0208408],[14.568616,121.0207817],[14.5681946,121.0206317],[14.5677791,121.0204797],[14.5671194,121.0222709],[14.5666289,121.0235837],[14.5628593,121.0223028],[14.5643285,121.0163099],[14.5645227,121.015797],[14.5646563,121.0154713],[14.5652374,121.0144008],[14.5654235,121.0141206],[14.565975,121.0135296],[14.5667316,121.0129406],[14.5668073,121.0116021],[14.5668258,121.0112978],[14.5668716,121.0106497],[14.5669286,121.0097208],[14.5669592,121.0091439],[14.5669781,121.0089293],[14.5670132,121.0083448],[14.5670475,121.007773],[14.5682449,121.0076055]]
route, [[14.5682449,121.0076055],[14.5684215,121.0081694],[14.5683795,121.008778],[14.5686777,121.0092364],[14.5691394,121.0099257],[14.5689899,121.0102088],[14.5695258,121.0105073],[14.5687988,121.0119756],[14.5685397,121.0124891],[14.5679747,121.0135941],[14.5672282,121.0151005],[14.5666272,121.0147798],[14.5665684,121.015666],[14.5665413,121.0161553],[14.566518,121.0166681],[14.566492,121.0171455],[14.5643285,121.0163099],[14.5628593,121.0223028],[14.5629072,121.0244602],[14.5620842,121.0281155],[14.5618926,121.0285797],[14.5599076,121.0315344],[14.5597904,121.0311249],[14.5596997,121.0308077],[14.5596634,121.030634],[14.5571423,121.0330662],[14.5552346,121.0347418],[14.5572876,121.0394805],[14.5571754,121.0414629],[14.5572475,121.0418627],[14.5572694,121.0421177],[14.5573621,121.0418529],[14.5577813,121.0418158],[14.557843,121.0425117],[14.5581815,121.0430919],[14.5588024,121.0431879],[14.5590589,121.043254],[14.5590749,121.045713],[14.5590509,121.0457833],[14.5610677,121.0458745],[14.5620282,121.045798],[14.5625371,121.0457233],[14.5635278,121.0455457]]
route, [[14.5609611,121.0623372],[14.5607016,121.0626421],[14.5604817,121.0629004],[14.5603246,121.0632066],[14.5601367,121.064329],[14.5600813,121.0646079],[14.5600111,121.065018],[14.5592244,121.0658102],[14.5589383,121.065978]]
route, [[14.5656478,121.0319569],[14.5659665,121.0319635],[14.5661107,121.0320174],[14.5663627,121.0325401],[14.5667505,121.0333735],[14.5669604,121.0335791],[14.5668945,121.0345045],[14.5668054,121.0351305],[14.5666957,121.0366575],[14.5669206,121.0375384],[14.5669738,121.0377088],[14.5673804,121.0390817],[14.5675075,121.0396065],[14.5674528,121.0405784],[14.5674594,121.0408491],[14.5674097,121.0415492],[14.567422,121.0421482],[14.5676471,121.0427447],[14.5681836,121.0445041],[14.5681875,121.0447082],[14.5681197,121.0451482],[14.5678973,121.0462373],[14.5678329,121.0465195],[14.5677962,121.0467386],[14.5677885,121.0468307],[14.5648362,121.054346],[14.5647266,121.0544061],[14.563386,121.0589074],[14.5630021,121.0596359],[14.5627861,121.0600946],[14.5624483,121.0606163],[14.562224,121.0608776],[14.5620069,121.0611377],[14.5617724,121.0614098],[14.5616651,121.061542],[14.5614092,121.0618108],[14.5611636,121.0620994],[14.5609611,121.0623372]]
route, [[14.5609611,121.0623372],[14.5611636,121.0620994],[14.5614092,121.0618108],[14.5616651,121.061542],[14.5617724,121.0614098],[14.5620069,121.0611377],[14.562224,121.0608776],[14.5624483,121.0606163],[14.5627861,121.0600946],[14.5630021,121.0596359],[14.563386,121.0589074],[14.5647266,121.0544061],[14.5648362,121.054346],[14.5677885,121.0468307],[14.5654875,121.0474201],[14.5642978,121.0481879],[14.5637508,121.0485606],[14.5627834,121.0491257],[14.5624366,121.0487739],[14.5627139,121.0483541]]
route, [[14.5635278,121.0455457],[14.5639679,121.0455184],[14.5640077,121.0459638],[14.5640815,121.0464487],[14.5653154,121.0462451],[14.5668608,121.0463792],[14.5675902,121.0466001],[14.5677962,121.0467386],[14.5677885,121.0468307],[14.5648362,121.054346],[14.5647266,121.0544061],[14.563386,121.0589074],[14.5630021,121.0596359],[14.5627861,121.0600946],[14.5624483,121.0606163],[14.562224,121.0608776],[14.5620069,121.0611377],[14.5617724,121.0614098],[14.5616651,121.061542],[14.5614092,121.0618108],[14.5611636,121.0620994],[14.5609611,121.0623372]]
route, [[14.5629577,121.0385776],[14.5629754,121.038953],[14.5630125,121.0390555],[14.5630832,121.0390249],[14.563046,121.0389179],[14.5630427,121.0386547],[14.5630301,121.0371396],[14.5630513,121.0363282],[14.5630529,121.0360732],[14.5629668,121.0344606],[14.5639897,121.034481],[14.564842,121.0329695],[14.5651961,121.0332347],[14.5658142,121.0323919],[14.5661107,121.0320174],[14.5659665,121.0319635],[14.5656478,121.0319569]]
route, [[14.5322734,121.0213337],[14.5360749,121.0192247],[14.5401053,121.017426],[14.5418455,121.019419],[14.5419814,121.0196381],[14.5449567,121.0232477],[14.5472841,121.0259348],[14.5517853,121.0313943],[14.5534251,121.0333385],[14.5555825,121.0359321],[14.55637,121.0368195],[14.5566221,121.0371289],[14.5569488,121.0375122],[14.5572828,121.0379042],[14.557528,121.0381917],[14.5579866,121.0385275],[14.5625844,121.0392388],[14.5628666,121.0391238],[14.5630125,121.0390555],[14.5630832,121.0390249],[14.563046,121.0389179],[14.5630427,121.0386547],[14.5630301,121.0371396],[14.5630513,121.0363282],[14.5630529,121.0360732],[14.5629668,121.0344606],[14.5639897,121.034481],[14.564842,121.0329695],[14.5651961,121.0332347],[14.5658142,121.0323919],[14.5661107,121.0320174],[14.5659665,121.0319635],[14.5656478,121.0319569]]
route, [[14.5656478,121.0319569],[14.5659665,121.0319635],[14.5661107,121.0320174],[14.5663627,121.0325401],[14.5667505,121.0333735],[14.5669604,121.0335791],[14.5668945,121.0345045],[14.5668054,121.0351305],[14.5666957,121.0366575],[14.5669206,121.0375384],[14.5669738,121.0377088],[14.5673804,121.0390817],[14.5675075,121.0396065],[14.5674528,121.0405784],[14.5674594,121.0408491],[14.5674097,121.0415492],[14.567422,121.0421482],[14.5676471,121.0427447],[14.5681836,121.0445041],[14.5681875,121.0447082],[14.5681197,121.0451482],[14.5678973,121.0462373],[14.5678329,121.0465195],[14.5677962,121.0467386],[14.5677885,121.0468307],[14.5654875,121.0474201],[14.5653344,121.0466975],[14.5653154,121.0462451],[14.5640815,121.0464487],[14.5640077,121.0459638],[14.5639679,121.0455184],[14.5635278,121.0455457]]
route, [[14.5656478,121.0319569],[14.5653382,121.0318776],[14.5650138,121.0317732],[14.5651506,121.0311096],[14.5656896,121.0299363],[14.5661106,121.0290405],[14.5667782,121.0294197],[14.5671429,121.029646],[14.5674581,121.0299239],[14.5677912,121.0289269],[14.5682077,121.0290469],[14.5683587,121.0285601],[14.5685357,121.0280313],[14.5689512,121.0266986],[14.5693001,121.0255656],[14.5694476,121.0251147],[14.5696136,121.024603],[14.5700317,121.0232774],[14.5701809,121.0227204]]
route, [[14.5449567,121.0232477],[14.5473883,121.0261985],[14.5489535,121.0280032],[14.5500955,121.0294006],[14.5494434,121.030361],[14.5476759,121.034468],[14.5466543,121.0344755]]
route, [[14.5322734,121.0213337],[14.5360749,121.0192247],[14.5401053,121.017426],[14.5418455,121.019419],[14.5419814,121.0196381],[14.5449567,121.0232477]]
route, [[14.5606146,121.0206138],[14.5604554,121.0208738],[14.5601331,121.0206615],[14.5598056,121.0204458],[14.5600265,121.020104],[14.5596396,121.0198391],[14.5592921,121.0196013],[14.5583305,121.018943],[14.5582044,121.0188454],[14.5567664,121.0210903],[14.5558563,121.0204064],[14.5560651,121.0199866],[14.5562576,121.0196579],[14.5564795,121.0193178],[14.5567438,121.0189228],[14.5569912,121.0185409]]
route, [[14.5685126,121.0192998],[14.5688699,121.0203948],[14.5687669,121.0208408],[14.568616,121.0207817],[14.5681946,121.0206317],[14.5677791,121.0204797],[14.5671194,121.0222709],[14.5666289,121.0235837],[14.5628593,121.0223028],[14.5621841,121.0223612],[14.561936,121.0200597],[14.5619246,121.0199593],[14.5618127,121.0200194],[14.5611886,121.0200946],[14.5606146,121.0206138]]
route, [[14.5732815,121.01481],[14.5726713,121.015157],[14.5724146,121.0152898],[14.5721274,121.0157182],[14.5717679,121.0155965],[14.5713394,121.0153781],[14.5712124,121.0161448],[14.5710404,121.0171195],[14.5708914,121.0179355],[14.5707287,121.0187991],[14.5708174,121.0188396],[14.5706656,121.019606],[14.5705069,121.0203434],[14.5708665,121.020431],[14.5720623,121.021357],[14.5733455,121.0223292],[14.5736812,121.0218637]]
route, [[14.5517277,121.0192103],[14.5516772,121.019205],[14.551517,121.0208979],[14.5508014,121.0208388],[14.5506969,121.0218787]]
route, [[14.5373379,121.0651766],[14.537189,121.0649549],[14.5370379,121.0647198],[14.5356628,121.0655578],[14.5356841,121.0646507],[14.5356475,121.0641673],[14.5356833,121.0638768],[14.536757,121.0628303],[14.5366708,121.0626251],[14.5365672,121.0624107],[14.5383088,121.061101],[14.5381607,121.0608763],[14.5380084,121.0606376],[14.5377717,121.0602708],[14.5379021,121.0601579],[14.5377122,121.0598697],[14.5375238,121.059617],[14.5373421,121.0593681],[14.5371555,121.0590956],[14.5369637,121.0588204],[14.536792,121.0586051],[14.5353915,121.0597521],[14.5352588,121.0595653],[14.5350703,121.0593125],[14.534832,121.059268],[14.5340685,121.0590859],[14.533853,121.0590263],[14.5336266,121.0589631],[14.5329277,121.0587846]]
route, [[14.5329277,121.0587846],[14.5314003,121.0583489],[14.5311717,121.0582748],[14.5309673,121.0582108],[14.5307718,121.0581425],[14.5304998,121.0580858],[14.5305409,121.0578612],[14.5307296,121.0576234],[14.5327629,121.0580283],[14.5327684,121.0574632],[14.5313332,121.0574566],[14.5309744,121.0573498],[14.5309573,121.0574534],[14.5289251,121.0567568],[14.5259297,121.055596],[14.5199104,121.0526278],[14.5186781,121.050597],[14.519273,121.0483176],[14.5197221,121.0473717],[14.5255009,121.0435305],[14.526694,121.0428732],[14.5282011,121.0421848],[14.5304252,121.0413113],[14.5347822,121.0409822],[14.5347897,121.0408341],[14.5319924,121.0349464],[14.5258114,121.0273127],[14.5251853,121.0264047],[14.5251117,121.0263201],[14.5244788,121.0257271],[14.5258584,121.0247772],[14.5322734,121.0213337]]
route, [[14.5329277,121.0587846],[14.5336266,121.0589631],[14.533853,121.0590263],[14.5340043,121.0583663],[14.5340553,121.0581337],[14.5333133,121.0579971],[14.534807,121.0576915],[14.5352346,121.0576846],[14.5355107,121.0576671],[14.5364482,121.0576078],[14.5365741,121.0576031],[14.5369805,121.0575741],[14.5408191,121.055469],[14.5408833,121.0553504],[14.540734,121.0552644],[14.5406211,121.0551937],[14.5405298,121.0551365],[14.5403496,121.0550892],[14.539614,121.0540844],[14.539491,121.0540116],[14.5360943,121.0519024],[14.5353353,121.0517755],[14.5355991,121.0487346],[14.5356097,121.0484794],[14.5356397,121.0473142],[14.5355204,121.0470336],[14.5356333,121.0464358],[14.5361313,121.0456127],[14.5361486,121.0454566],[14.5366369,121.045078],[14.5370108,121.0429859],[14.5368814,121.0421175],[14.5372908,121.0419367],[14.5379745,121.0410421],[14.5384466,121.0398996],[14.5389279,121.0399528]]
route, [[14.5569912,121.0185409],[14.5572446,121.018154],[14.5582044,121.0188454],[14.5567664,121.0210903],[14.5558563,121.0204064],[14.5539132,121.019409],[14.553074,121.0193078],[14.5517277,121.0192103]]
route, [[14.5569912,121.0185409],[14.5572446,121.018154],[14.5582044,121.0188454],[14.5583305,121.018943],[14.5592921,121.0196013],[14.5584222,121.0224325]]
route, [[14.557478,121.0384997],[14.557386,121.0388947],[14.5570046,121.0387881],[14.5572828,121.0379042],[14.557528,121.0381917],[14.5579866,121.0385275],[14.5625844,121.0392388],[14.5628666,121.0391238],[14.5630125,121.0390555],[14.5630832,121.0390249],[14.563046,121.0389179],[14.5629754,121.038953],[14.5627864,121.0390285],[14.5613632,121.0396109],[14.5603346,121.0403155],[14.5603816,121.0403649],[14.5609078,121.0409366],[14.5611955,121.0412838],[14.5614453,121.0415854]]
route, [[14.5614453,121.0415854],[14.5611955,121.0412838],[14.5609078,121.0409366],[14.5603816,121.0403649],[14.5614304,121.039718],[14.5625844,121.0392388],[14.5628666,121.0391238],[14.5630125,121.0390555],[14.5630832,121.0390249],[14.563046,121.0389179],[14.5630427,121.0386547],[14.5630301,121.0371396],[14.5629483,121.0371367],[14.5629577,121.0385776]]
route, [[14.5642978,121.0481879],[14.5654875,121.0474201],[14.5653344,121.0466975],[14.5653154,121.0462451],[14.5668608,121.0463792],[14.5675902,121.0466001],[14.5678329,121.0465195],[14.5678973,121.0462373],[14.5681197,121.0451482],[14.5681875,121.0447082],[14.5680146,121.0447056],[14.5677519,121.044796],[14.567245,121.045491],[14.5656304,121.0450425],[14.5599885,121.0406817],[14.5603816,121.0403649],[14.5609078,121.0409366],[14.5611955,121.0412838],[14.5614453,121.0415854]]
route, [[14.5701809,121.0227204],[14.5703282,121.0221739],[14.5703995,121.0219656],[14.5700272,121.0218262],[14.5695518,121.0216413],[14.5692239,121.0215193],[14.5689467,121.0214132],[14.5684079,121.0212113],[14.568616,121.0207817],[14.5687669,121.0208408],[14.5688699,121.0203948],[14.5685126,121.0192998]]
route, [[14.5725109,121.0171314],[14.5723016,121.0177053],[14.5714663,121.0173378],[14.5710404,121.0171195],[14.5706344,121.0168991],[14.5704759,121.0177588],[14.5700642,121.0175818],[14.5699104,121.0184667],[14.569862,121.0184484],[14.5696815,121.0193549],[14.5695328,121.0200818],[14.5693615,121.0200336],[14.5688699,121.0203948],[14.5685126,121.0192998]]
route, [[14.5584222,121.0224325],[14.5589002,121.0222839],[14.5596396,121.0198391],[14.5609773,121.0181148],[14.5610574,121.0188938],[14.5611321,121.0196576],[14.5611886,121.0200946],[14.5618127,121.0200194],[14.5620616,121.0224118],[14.5621919,121.0224313],[14.5628593,121.0223028],[14.5643285,121.0163099],[14.566492,121.0171455],[14.5675953,121.0175498],[14.5683666,121.0178608],[14.5686969,121.0180008],[14.568561,121.0183662],[14.5677791,121.0204797],[14.5681946,121.0206317],[14.568616,121.0207817],[14.5687669,121.0208408],[14.5688699,121.0203948],[14.5685126,121.0192998]]
route, [[14.5482271,121.0097684],[14.5481415,121.0093351],[14.5490714,121.0090857],[14.5496149,121.0089427],[14.5501495,121.0088337],[14.5507115,121.0086857],[14.5510983,121.0085838],[14.5514107,121.0085013],[14.5517683,121.0084076],[14.5520487,121.0083341],[14.5524415,121.0082282],[14.5530146,121.0080615],[14.5535963,121.0079025],[14.5537217,121.0084044],[14.554093,121.0092099]]
route, [[14.5736812,121.0218637],[14.5733455,121.0223292],[14.5730009,121.0227965],[14.5727324,121.0231645],[14.5724627,121.0235265],[14.5721815,121.0239238],[14.5708618,121.0230165],[14.5701809,121.0227204]]
route, [[14.5470045,121.0265738],[14.5473883,121.0261985],[14.5489535,121.0280032],[14.5500955,121.0294006],[14.5494434,121.030361],[14.5476759,121.034468],[14.5466543,121.0344755]]
route, [[14.5389279,121.0399528],[14.5384466,121.0398996],[14.5379745,121.0410421],[14.5372908,121.0419367],[14.5368814,121.0421175],[14.5356832,121.0447435],[14.5345362,121.0446875],[14.5347822,121.0409822],[14.5347897,121.0408341],[14.5319924,121.0349464],[14.5258114,121.0273127],[14.5251853,121.0264047],[14.5251117,121.0263201],[14.5244788,121.0257271],[14.5258584,121.0247772],[14.5322734,121.0213337]]
route, [[14.5389279,121.0399528],[14.5384466,121.0398996],[14.5379745,121.0410421],[14.5372908,121.0419367],[14.5368814,121.0421175],[14.5356832,121.0447435],[14.5345362,121.0446875],[14.5353404,121.0462557],[14.5356333,121.0464358],[14.5399568,121.0470961],[14.5406392,121.0470751],[14.5415393,121.0471581],[14.5424862,121.0467462],[14.5450688,121.0457897],[14.5451833,121.045784],[14.5451598,121.045672],[14.5450727,121.045388],[14.5476759,121.034468]]
route, [[14.5466543,121.0344755],[14.5476759,121.034468],[14.5450727,121.045388],[14.5447837,121.0456961],[14.5424168,121.0466517],[14.5415393,121.0471581],[14.5406392,121.0470751],[14.5399568,121.0470961],[14.5392781,121.0461241],[14.5391981,121.0457698],[14.5390989,121.0452624],[14.5389719,121.0436492],[14.5389466,121.0432116],[14.538931,121.0427227],[14.5385261,121.0415846],[14.5384636,121.0409529],[14.5389673,121.0409122],[14.5389279,121.0399528]]
route, [[14.5390336,121.0159764],[14.5393837,121.015766],[14.5396854,121.0156394],[14.539753,121.0166517],[14.5399446,121.017149],[14.5404348,121.0168829],[14.5411182,121.0165483],[14.5422683,121.0159852],[14.5471709,121.0133312],[14.5475376,121.0131328],[14.5512342,121.0111196],[14.5511834,121.0108697],[14.5506683,121.0111357],[14.5505014,121.0104259],[14.5499696,121.0105073],[14.549435,121.0105938],[14.548907,121.0106819],[14.5483685,121.0107717],[14.5482271,121.0097684]]
route, [[14.5432983,121.0150598],[14.5430437,121.0152972],[14.5428727,121.0153855],[14.5427233,121.0154648],[14.5404846,121.0164523],[14.5399194,121.0167813],[14.5376654,121.0182206],[14.5360808,121.0190886],[14.5357812,121.0184982],[14.5354855,121.017914],[14.5390336,121.0159764]]
route, [[14.5390336,121.0159764],[14.5393837,121.015766],[14.5396854,121.0156394],[14.5400618,121.0154687],[14.5400038,121.0153263],[14.5407887,121.0150086],[14.5412168,121.0148388],[14.5416442,121.0146813],[14.5420562,121.0145505],[14.5425105,121.0144034],[14.542944,121.0142391],[14.5432983,121.0150598],[14.5430437,121.0152972]]
route, [[14.5354855,121.017914],[14.5390336,121.0159764]]
route, [[14.5322734,121.0213337],[14.5360749,121.0192247]]
route, [[14.5360749,121.0192247],[14.5395606,121.0173409],[14.5392959,121.0170583],[14.5376654,121.0182206],[14.5360808,121.0190886],[14.5357812,121.0184982],[14.5354855,121.017914]]
route, [[14.5629577,121.0385776],[14.5627864,121.0390285],[14.5613632,121.0396109],[14.5603346,121.0403155],[14.5598262,121.0404661],[14.5584714,121.0389035],[14.5572849,121.0376572],[14.5557306,121.0357798],[14.5555825,121.0359321],[14.55637,121.0368195],[14.5566221,121.0371289],[14.5569488,121.0375122],[14.5572828,121.0379042],[14.557528,121.0381917],[14.557478,121.0384997]]
route, [[14.5736812,121.0218637],[14.5732283,121.0215291],[14.5723955,121.0208826],[14.5721846,121.0207303],[14.5717699,121.0204117],[14.5715768,121.0197084],[14.5717819,121.019201],[14.5718556,121.0189817],[14.5720224,121.0189599],[14.572434,121.0178222],[14.5722773,121.0177762],[14.5723016,121.0177053],[14.5725109,121.0171314]]
route, [[14.5482271,121.0097684],[14.5477033,121.0098836],[14.5471834,121.0099424],[14.546707,121.0100006],[14.5468706,121.0110113],[14.5470105,121.0120677],[14.547333,121.0130403],[14.5468958,121.0132702],[14.546455,121.0135002],[14.5460166,121.0137334],[14.5450951,121.0142249],[14.5447172,121.0144205],[14.5445884,121.014393],[14.5441613,121.0146176],[14.5436976,121.0148603],[14.5432983,121.0150598]]
route, [[14.5453843,121.0637192],[14.5456968,121.0635379],[14.5460995,121.0633514],[14.5481266,121.0630253],[14.5482754,121.0633892],[14.5484787,121.0639181],[14.5485005,121.0639866],[14.5493974,121.0637928],[14.5511756,121.0634287],[14.5525329,121.063357],[14.5528444,121.0634558],[14.5531186,121.0635561],[14.5534064,121.0636679],[14.5536783,121.0637961],[14.555151,121.0645792],[14.5552367,121.064627],[14.5557699,121.0648884],[14.5561873,121.0641572],[14.5564459,121.0643242],[14.5566932,121.0644951],[14.5569596,121.0646728],[14.557183,121.064852],[14.5574565,121.0650589],[14.5573021,121.0657821],[14.5575755,121.0659384],[14.5578772,121.0661111],[14.5585415,121.066178],[14.5589383,121.065978]]
route, [[14.5560461,121.0390661],[14.5562508,121.0381947],[14.5566958,121.0383336],[14.5569488,121.0375122],[14.5572828,121.0379042],[14.557528,121.0381917],[14.557478,121.0384997]]
route, [[14.5476759,121.034468],[14.5494434,121.030361],[14.5496026,121.0301142],[14.5501814,121.0295197],[14.5503821,121.0297876],[14.5507474,121.0302306],[14.5517853,121.0313943],[14.5534251,121.0333385],[14.5555825,121.0359321],[14.55637,121.0368195],[14.5566221,121.0371289],[14.5562508,121.0381947],[14.5560461,121.0390661]]
route, [[14.5430437,121.0152972],[14.5428727,121.0153855],[14.5427233,121.0154648],[14.5424719,121.0155249],[14.5420514,121.0157612],[14.5416273,121.0159564],[14.5412407,121.0161019],[14.5409835,121.0161715],[14.5411182,121.0165483],[14.5422683,121.0159852],[14.5471709,121.0133312],[14.5475376,121.0131328],[14.5512342,121.0111196],[14.5511834,121.0108697],[14.5506683,121.0111357],[14.5505014,121.0104259],[14.5499696,121.0105073],[14.549435,121.0105938],[14.548907,121.0106819],[14.5483685,121.0107717],[14.5482271,121.0097684]]
route, [[14.5589383,121.065978],[14.5585415,121.066178],[14.5578772,121.0661111],[14.5575755,121.0659384],[14.5573021,121.0657821],[14.5574565,121.0650589],[14.557183,121.064852],[14.5569596,121.0646728],[14.5566932,121.0644951],[14.5564459,121.0643242],[14.5561873,121.0641572],[14.5557699,121.0648884],[14.5555202,121.0647145],[14.5552728,121.0645587],[14.5551768,121.0645088],[14.555151,121.0645792],[14.5545234,121.0661009],[14.5522652,121.0658234],[14.551465,121.0659329],[14.5516547,121.0683407],[14.5508193,121.0683862],[14.5497252,121.0685334],[14.5495111,121.0677386],[14.5480783,121.0675857],[14.5462705,121.0661981],[14.5453896,121.0658088],[14.5460387,121.0648869],[14.5461307,121.0647596],[14.546695,121.0643239],[14.5466647,121.0642613],[14.546331,121.06372]]
route, [[14.5322734,121.0213337],[14.5360749,121.0192247],[14.5401053,121.017426],[14.5418455,121.019419],[14.5419814,121.0196381],[14.5449567,121.0232477],[14.5473883,121.0261985],[14.5489535,121.0280032],[14.5500955,121.0294006],[14.5494434,121.030361],[14.5476759,121.034468]]
route, [[14.5584222,121.0224325],[14.5573524,121.0227653],[14.5569318,121.0213518],[14.5568858,121.0211715],[14.5567664,121.0210903],[14.5558563,121.0204064],[14.5539132,121.019409],[14.553074,121.0193078],[14.5517277,121.0192103]]
