stop, 14.5784012, 121.0094355, #ff9900
stop, 14.6028811, 121.0136474, #ff9900
stop, 14.5833934, 121.0047129, #ff9900
stop, 14.5888203, 120.960145, #ff9900
stop, 14.5782884, 121.0041932, #ff9900
stop, 14.5980164, 121.0048931, #ff9900
stop, 14.586118, 120.989253, #ff9900
stop, 14.5833319, 121.0154169, #ff9900
stop, 14.5808353, 121.0082428, #ff9900
stop, 14.6259443, 120.9897584, #ff9900
stop, 14.6311356, 120.952294, #ff9900
stop, 14.5688291, 120.9852457, #ff9900
stop, 14.6008987, 120.9820425, #ff9900
stop, 14.5868586, 120.9689531, #ff9900
stop, 14.5822763, 120.993935, #ff9900
stop, 14.632398, 120.9435478, #ff9900
stop, 14.5970469, 120.9821658, #ff9900
stop, 14.6028811, 121.0136474, #ff9900
stop, 14.6145261, 120.9601352, #ff9900
stop, 14.5818375, 120.9861617, #ff9900
stop, 14.5828198, 120.9919142, #ff9900
stop, 14.625419, 120.9600129, #ff9900
stop, 14.5875494, 120.9673486, #ff9900
stop, 14.6300311, 120.9549805, #ff9900
stop, 14.5926179, 121.0120053, #ff9900
stop, 14.5999357, 121.0027734, #ff9900
stop, 14.6141986, 121.0026619, #ff9900
stop, 14.6210087, 120.9637926, #ff9900
stop, 14.588058, 121.0007159, #ff9900
stop, 14.6155756, 120.9735359, #ff9900
stop, 14.5640073, 120.9908562, #ff9900
stop, 14.5983989, 120.9775269, #ff9900
stop, 14.6280229, 120.9654594, #ff9900
stop, 14.6218944, 120.9810283, #ff9900
stop, 14.6071322, 121.0095347, #ff9900
stop, 14.6014315, 120.9654728, #ff9900
stop, 14.5795273, 120.9763896, #ff9900
stop, 14.5911082, 120.9866466, #ff9900
stop, 14.5791878, 120.9911651, #ff9900
stop, 14.6206116, 120.9828966, #ff9900
stop, 14.5875494, 120.9673486, #ff9900
stop, 14.5871955, 120.9702272, #ff9900
stop, 14.6046039, 120.989462, #ff9900
stop, 14.5828688, 120.9956107, #ff9900
stop, 14.6019504, 121.0091332, #ff9900
stop, 14.5799182, 120.9771111, #ff9900
stop, 14.5965866, 120.9775996, #ff9900
stop, 14.5861846, 120.9827379, #ff9900
stop, 14.5732655, 120.9938234, #ff9900
stop, 14.6012371, 120.9890256, #ff9900
route, [[14.5785707,121.0100422],[14.5784012,121.0094355],[14.5777087,121.0102731],[14.5772247,121.0108795],[14.5763556,121.0087656],[14.5776302,121.0074288],[14.5782353,121.0067358],[14.5788563,121.0060518],[14.5788704,121.0060296],[14.5787825,121.0052374],[14.5788006,121.00492],[14.5786651,121.0045011],[14.5782884,121.0041932]]
route, [[14.5833934,121.0047129],[14.5836743,121.0053939],[14.584154,121.0052347],[14.5845628,121.0063721],[14.5820072,121.0070026],[14.5815467,121.0071157],[14.5811309,121.0072135],[14.5806442,121.0073181],[14.5808353,121.0082428]]
route, [[14.5833934,121.0047129],[14.5836743,121.0053939],[14.584154,121.0052347],[14.5856158,121.004582],[14.58813,121.0036865],[14.5893401,121.0037783],[14.5894405,121.0034932],[14.5895312,121.0032107],[14.5895919,121.0030252],[14.588119,121.0020219],[14.5881134,121.0018774],[14.5878172,121.0018858],[14.5874575,121.00189],[14.588058,121.0007159]]
route, [[14.5782884,121.0041932],[14.5786651,121.0045011],[14.5788006,121.00492],[14.5787825,121.0052374],[14.5788704,121.0060296],[14.5795529,121.0048011],[14.579617,121.0050649],[14.5808987,121.0047258],[14.5816285,121.0053609],[14.5816741,121.0056365],[14.5820072,121.0070026],[14.5845628,121.0063721],[14.584154,121.0052347],[14.5836743,121.0053939],[14.5833934,121.0047129]]
route, [[14.5888203,120.960145],[14.5887889,120.9610693],[14.5890066,120.9611691],[14.5892121,120.9611894],[14.5894362,120.9612114],[14.5896481,120.9612323],[14.5899054,120.9612576],[14.5901124,120.961278],[14.5905349,120.9613196],[14.5907361,120.9613395],[14.5909513,120.9613607],[14.591219,120.9613871],[14.5930071,120.9611748],[14.5942087,120.9614754],[14.5941122,120.9622212],[14.5939868,120.9652857],[14.5940974,120.966748],[14.5941312,120.9672825],[14.5941649,120.9676847],[14.5941826,120.9680789],[14.5940301,120.9686494],[14.5932415,120.9691624],[14.5918031,120.9700972],[14.5912672,120.9695357],[14.5903986,120.9686258],[14.5892185,120.9681693],[14.5887846,120.9686107],[14.5879878,120.9677966],[14.5875494,120.9673486]]
route, [[14.5888203,120.960145],[14.5887889,120.9610693],[14.5890066,120.9611691],[14.5892121,120.9611894],[14.5894362,120.9612114],[14.5896481,120.9612323],[14.5899054,120.9612576],[14.5901124,120.961278],[14.5905349,120.9613196],[14.5907361,120.9613395],[14.5909513,120.9613607],[14.591219,120.9613871],[14.5930071,120.9611748],[14.5942087,120.9614754],[14.5941122,120.9622212],[14.5939868,120.9652857],[14.5945681,120.9653384],[14.5951911,120.9653948],[14.5952813,120.9673776],[14.5952872,120.9675898],[14.5952938,120.9678621],[14.5942476,120.9686299],[14.5975174,120.9664048],[14.6011073,120.9622051],[14.6012129,120.9621105],[14.602537,120.9616441],[14.6026949,120.9615632],[14.6046631,120.9613982],[14.6079098,120.9611272],[14.6094183,120.9610012],[14.6095618,120.9609774],[14.612187,120.9604722],[14.6145424,120.9602509],[14.6145261,120.9601352]]
route, [[14.6014315,120.9654728],[14.6012089,120.9662071],[14.6010818,120.9660885],[14.5998882,120.9648598],[14.6000335,120.9646612],[14.5997781,120.9645015],[14.5996713,120.9646447],[14.5983038,120.9656381],[14.5981023,120.9658586],[14.5976616,120.9661686],[14.5946789,120.9681346],[14.5941826,120.9680789],[14.5941649,120.9676847],[14.5941312,120.9672825],[14.5940974,120.966748],[14.5939868,120.9652857],[14.5941122,120.9622212],[14.5942087,120.9614754],[14.5930071,120.9611748],[14.591219,120.9613871],[14.5909513,120.9613607],[14.5907361,120.9613395],[14.5905349,120.9613196],[14.5901124,120.961278],[14.5899054,120.9612576],[14.5896481,120.9612323],[14.5894362,120.9612114],[14.5892121,120.9611894],[14.5890066,120.9611691],[14.5887889,120.9610693],[14.5888203,120.960145]]
route, [[14.5875494,120.9673486],[14.5879878,120.9677966],[14.5887846,120.9686107],[14.5895919,120.9694356],[14.5902928,120.9701505],[14.5906231,120.9704896],[14.5904531,120.9708965],[14.5906656,120.9711875],[14.5908686,120.9712228],[14.591193,120.9709298],[14.591207,120.9708562],[14.5938036,120.9689232],[14.5952938,120.9678621],[14.5952872,120.9675898],[14.5952813,120.9673776],[14.5951911,120.9653948],[14.5945681,120.9653384],[14.5939868,120.9652857],[14.5941122,120.9622212],[14.5942087,120.9614754],[14.5930071,120.9611748],[14.591219,120.9613871],[14.5909513,120.9613607],[14.5907361,120.9613395],[14.5905349,120.9613196],[14.5901124,120.961278],[14.5899054,120.9612576],[14.5896481,120.9612323],[14.5894362,120.9612114],[14.5892121,120.9611894],[14.5890066,120.9611691],[14.5887889,120.9610693],[14.5888203,120.960145]]
route, [[14.5808353,121.0082428],[14.5806442,121.0073181],[14.5804973,121.0066515],[14.5799904,121.0067718],[14.5798496,121.0060965],[14.5797946,121.0058294],[14.5797484,121.0056289],[14.579617,121.0050649],[14.5795529,121.0048011],[14.5788704,121.0060296],[14.5787825,121.0052374],[14.5788006,121.00492],[14.5786651,121.0045011],[14.5782884,121.0041932]]
route, [[14.5782884,121.0041932],[14.5773595,121.0038318],[14.5776459,121.0035496],[14.5780777,121.0036512],[14.577355,121.0028787],[14.5775769,121.0026004],[14.577679,121.0024667],[14.5784305,121.0018515],[14.5788701,121.0018422],[14.5787828,121.0012129],[14.5787793,121.0011262],[14.5787673,121.0005799],[14.5787545,121.0001819],[14.5787241,120.99953],[14.5787297,120.998777],[14.5789922,120.9986523],[14.5810483,121.000356],[14.5811757,121.0001974],[14.5799824,120.9992283],[14.5795296,120.9988687],[14.5787524,120.9982466],[14.5780955,120.9977407],[14.5772064,120.997022],[14.5770668,120.9969083],[14.576812,120.9966982],[14.5761007,120.996134],[14.5750381,120.9952951],[14.5744342,120.9947791],[14.5741357,120.9945223],[14.5735122,120.9940159],[14.5732655,120.9938234]]
route, [[14.5926179,121.0120053],[14.5928754,121.0130267],[14.5928932,121.0131313],[14.5916908,121.0143344],[14.5911465,121.0131263],[14.5909565,121.0123756],[14.5906539,121.0104511],[14.5908511,121.0100423],[14.5909609,121.009605],[14.5988062,121.0146753],[14.5975438,121.0156021],[14.5974456,121.0163683],[14.5975066,121.0167397],[14.5976763,121.0176672],[14.5993208,121.0170746],[14.6001499,121.0168033],[14.5999219,121.0160275],[14.6006141,121.0133948],[14.6007346,121.0132703],[14.6007714,121.0132322],[14.5991668,121.0118475],[14.599963,121.009231],[14.5992882,121.0072815],[14.5992437,121.0071497],[14.5988676,121.0060362],[14.5985731,121.0048311],[14.5980164,121.0048931]]
route, [[14.6028811,121.0136474],[14.602799,121.0136102],[14.6025629,121.0135231],[14.6023909,121.0116591],[14.6022907,121.0105192],[14.602008,121.0068601],[14.601863,121.0054048],[14.601805,121.0049159],[14.6017462,121.0044202],[14.6015701,121.0044852],[14.6009962,121.004549],[14.6005393,121.0046078],[14.6000949,121.0046588],[14.5985731,121.0048311],[14.5980164,121.0048931]]
route, [[14.5980164,121.0048931],[14.5985731,121.0048311],[14.6000949,121.0046588],[14.6005393,121.0046078],[14.6009962,121.004549],[14.6015701,121.0044852],[14.6017379,121.0061281],[14.6017933,121.0068963],[14.6018182,121.0077766],[14.6019504,121.0091332]]
route, [[14.5999357,121.0027734],[14.6009284,121.0026963],[14.6014035,121.0026723],[14.6014297,121.0031377],[14.6008964,121.0032053],[14.600922,121.0036074],[14.6000949,121.0046588],[14.5985731,121.0048311],[14.5980164,121.0048931]]
route, [[14.5822763,120.993935],[14.5813431,120.9918327],[14.5815643,120.9916782],[14.5822324,120.9906042],[14.5822501,120.9904713],[14.5842672,120.9899112],[14.586118,120.989253]]
route, [[14.586118,120.989253],[14.5842672,120.9899112],[14.5839625,120.989077],[14.5836249,120.9881907],[14.5832457,120.9871277],[14.5825044,120.984804],[14.5835472,120.9842276],[14.5836743,120.9841557],[14.5861846,120.9827379]]
route, [[14.5833319,121.0154169],[14.5827992,121.0144696],[14.5821161,121.0132949],[14.5819354,121.0132438],[14.5816847,121.0124216],[14.5815237,121.0119079],[14.5810249,121.0106564],[14.5807594,121.0097494],[14.5801479,121.0074515],[14.5806442,121.0073181],[14.5811309,121.0072135],[14.5815467,121.0071157],[14.5820072,121.0070026],[14.5845628,121.0063721],[14.5865472,121.0054445],[14.5856158,121.004582],[14.58813,121.0036865],[14.5893401,121.0037783],[14.5908602,121.0056655],[14.5911011,121.0086352],[14.5910205,121.0093601],[14.5909609,121.009605],[14.5908511,121.0100423],[14.5906539,121.0104511],[14.5909565,121.0123756],[14.5911465,121.0131263],[14.5916908,121.0143344],[14.5928932,121.0131313],[14.5928754,121.0130267],[14.5926179,121.0120053]]
route, [[14.5833319,121.0154169],[14.5827992,121.0144696],[14.5821161,121.0132949],[14.5819354,121.0132438],[14.5816847,121.0124216],[14.5815237,121.0119079],[14.5810249,121.0106564],[14.5807594,121.0097494],[14.5801479,121.0074515],[14.5806442,121.0073181],[14.5808353,121.0082428]]
route, [[14.5732655,120.9938234],[14.5729931,120.9936108],[14.5726917,120.9933756],[14.5723673,120.9931225],[14.5722831,120.9931689],[14.5770179,120.9969628],[14.5769499,120.9970388],[14.577097,120.9971547],[14.5774047,120.9974004],[14.5787344,120.9984445],[14.5789922,120.9986523],[14.5810483,121.000356],[14.5836307,121.0026099],[14.5909609,121.009605],[14.5988062,121.0146753],[14.5975438,121.0156021],[14.5968475,121.0158636],[14.5968085,121.0158466],[14.5961239,121.0153634],[14.5942528,121.0167618],[14.5929052,121.0182583],[14.5923822,121.0188225],[14.5923276,121.0188819],[14.591819,121.0194401],[14.5914138,121.0198706],[14.5909417,121.0203812],[14.59048,121.0208505],[14.589685,121.0232208],[14.5877217,121.0211539],[14.5873538,121.0207646],[14.5859001,121.0191393],[14.5847864,121.0178734],[14.5847541,121.0178336],[14.584219,121.0170116],[14.5833319,121.0154169]]
route, [[14.5640073,120.9908562],[14.564873,120.9902816],[14.5649134,120.9906884],[14.5666689,120.9900807],[14.5668583,120.9900044],[14.5677548,120.9895781],[14.5678366,120.9894956],[14.5697489,120.9886159],[14.5699501,120.989025],[14.5713212,120.9882584],[14.5717146,120.9889198],[14.5720895,120.9896099],[14.5724603,120.9902991],[14.5725218,120.9904209],[14.5728808,120.9911107],[14.5730503,120.991441],[14.573218,120.9917746],[14.5733723,120.9920923],[14.5735527,120.9924537],[14.5723673,120.9931225],[14.5722831,120.9931689],[14.5770179,120.9969628],[14.5769499,120.9970388],[14.577097,120.9971547],[14.5774047,120.9974004],[14.5787344,120.9984445],[14.5789922,120.9986523],[14.5810483,121.000356],[14.5836307,121.0026099],[14.5909609,121.009605],[14.5910205,121.0093601],[14.5911011,121.0086352],[14.5908602,121.0056655],[14.5893401,121.0037783],[14.58813,121.0036865],[14.5856158,121.004582],[14.584154,121.0052347],[14.5845628,121.0063721],[14.5820072,121.0070026],[14.5815467,121.0071157],[14.5811309,121.0072135],[14.5806442,121.0073181],[14.5801479,121.0074515],[14.5807594,121.0097494],[14.5810249,121.0106564],[14.5814121,121.0120373],[14.5818071,121.0132655],[14.5819354,121.0132438],[14.5821161,121.0132949],[14.5827992,121.0144696],[14.5833319,121.0154169]]
route, [[14.6260278,120.9896733],[14.6260459,120.9891398],[14.6252375,120.9874095],[14.6248637,120.9878461],[14.6240976,120.9887408],[14.6239519,120.9889109],[14.6238912,120.9889814],[14.6226251,120.9890337],[14.621964,120.9890108],[14.6182796,120.9888942],[14.6171712,120.9888562],[14.6161376,120.9888049],[14.6151296,120.9887687],[14.6140903,120.9887452],[14.613976,120.9886265],[14.6139164,120.9886804],[14.612903,120.9896759],[14.6108164,120.991697],[14.609709,120.9927546],[14.609608,120.9928461],[14.6091072,120.9933357],[14.6085553,120.9938528],[14.6074727,120.9948776],[14.6064018,120.9959297],[14.6055673,120.9966911],[14.6047081,120.9974215],[14.6041127,120.9977707],[14.598133,121.000833],[14.5932586,121.0014992],[14.5928572,121.0015345],[14.5928837,121.0017088],[14.59297,121.0030425],[14.5929284,121.0035712],[14.5928286,121.0039188],[14.5927705,121.0041677],[14.5926625,121.0044767],[14.5908602,121.0056655],[14.5893401,121.0037783],[14.58813,121.0036865],[14.5856158,121.004582],[14.584154,121.0052347],[14.5845628,121.0063721],[14.5820072,121.0070026],[14.5815467,121.0071157],[14.5811309,121.0072135],[14.5806442,121.0073181],[14.5801479,121.0074515],[14.5807594,121.0097494],[14.5810249,121.0106564],[14.5814121,121.0120373],[14.5818071,121.0132655],[14.5819354,121.0132438],[14.5821161,121.0132949],[14.5827992,121.0144696],[14.5833319,121.0154169]]
route, [[14.6218944,120.9810283],[14.6218644,120.9819413],[14.6218537,120.9828264],[14.6218452,120.9829363],[14.6225327,120.9829484],[14.6224524,120.9839287],[14.6223446,120.984902],[14.6225275,120.9865531],[14.6224721,120.9869035],[14.6241368,120.9869709],[14.6249674,120.9870032],[14.6252375,120.9874095],[14.6248637,120.9878461],[14.6240976,120.9887408],[14.6239519,120.9889109],[14.6240577,120.9891189],[14.6259511,120.9891391],[14.6259443,120.9897584],[14.6260178,120.9897855],[14.6260278,120.9896733]]
route, [[14.6141986,121.0026619],[14.6149315,121.0029103],[14.6150704,121.0033371],[14.6164169,121.0016185],[14.6168027,121.0020552],[14.6176582,121.0018464],[14.6177238,121.0019016],[14.6179198,121.0018959],[14.6180005,121.001793],[14.6179714,121.0016127],[14.6192932,121.000977],[14.6206363,121.000332],[14.6220248,120.9996909],[14.6218817,120.9995232],[14.6229473,120.9984869],[14.6240141,120.9974892],[14.6250612,120.9964785],[14.6261197,120.9954567],[14.6271183,120.9945167],[14.6280381,120.9936314],[14.6282693,120.9927715],[14.6289125,120.990776],[14.6289471,120.9906666],[14.6260278,120.9896733]]
route, [[14.6260278,120.9896733],[14.6260459,120.9891398],[14.6252375,120.9874095],[14.6249674,120.9870032],[14.6246968,120.9866254],[14.6241438,120.986607],[14.6225275,120.9865531],[14.6223446,120.984902],[14.6218077,120.9848767],[14.6205546,120.9848492],[14.6205743,120.9843541],[14.6205963,120.9838862],[14.6206116,120.9828966]]
route, [[14.6311356,120.952294],[14.6311439,120.9513575],[14.6323813,120.95147],[14.632398,120.9473845],[14.6323901,120.9473072],[14.632398,120.9435478]]
route, [[14.6300311,120.9549805],[14.630056,120.9532467],[14.6308367,120.9532553],[14.6311356,120.952294]]
route, [[14.5732655,120.9938234],[14.5729931,120.9936108],[14.5726917,120.9933756],[14.5723673,120.9931225],[14.5720175,120.9928569],[14.5717176,120.9926292],[14.5713548,120.9923524],[14.5710921,120.9921542],[14.570589,120.9917926],[14.5704216,120.9916647],[14.5703033,120.9915326],[14.5697452,120.9910737],[14.5678366,120.9894956],[14.5663154,120.9882838],[14.565671,120.9877494],[14.5688674,120.9859698],[14.5688291,120.9852457]]
route, [[14.5799182,120.9771111],[14.5797927,120.9771833],[14.5797382,120.9772147],[14.5794261,120.9773912],[14.5784974,120.9779854],[14.573059,120.9809129],[14.564384,120.9849507],[14.5642879,120.984989],[14.5643469,120.985128],[14.5644427,120.9850886],[14.5683225,120.983392],[14.5686047,120.9842458],[14.5685978,120.9845377],[14.5688291,120.9852457]]
route, [[14.5688291,120.9852457],[14.5688674,120.9859698],[14.5689498,120.9867971],[14.5663154,120.9882838],[14.5662735,120.988362],[14.5651464,120.99002],[14.5639207,120.9907122],[14.5640073,120.9908562]]
route, [[14.6008987,120.9820425],[14.6006371,120.983477],[14.6006427,120.9844931],[14.5995259,120.9842633],[14.5980308,120.9839489],[14.5964943,120.9831587],[14.5968676,120.9828989],[14.5966431,120.9825521],[14.5970469,120.9821658],[14.5965953,120.9818265]]
route, [[14.6008987,120.9820425],[14.6006371,120.983477],[14.6024283,120.9836151],[14.6033951,120.9836896],[14.6031725,120.9848541],[14.6029883,120.9852347],[14.6027895,120.9856445],[14.6025936,120.9860617],[14.6021263,120.9871506],[14.602098,120.987216],[14.6016845,120.9881009],[14.6012371,120.9890256]]
route, [[14.5965866,120.9775996],[14.5975227,120.9793901],[14.5981442,120.9788986],[14.5984996,120.9792954],[14.5989041,120.9797291],[14.5991646,120.980094],[14.5991949,120.9801391],[14.5997993,120.980577],[14.599836,120.9815148],[14.6005232,120.9816297],[14.6004752,120.9819874],[14.6008987,120.9820425]]
route, [[14.5868586,120.9689531],[14.5876864,120.9681116],[14.5884628,120.968938],[14.5880191,120.9693893],[14.5876441,120.9697708],[14.5871955,120.9702272]]
route, [[14.5791878,120.9911651],[14.5792298,120.9912434],[14.5804328,120.9907028],[14.5806737,120.9913723],[14.5808819,120.9920205],[14.5813431,120.9918327],[14.5822763,120.993935]]
route, [[14.632398,120.9435478],[14.6301058,120.9473072],[14.6300975,120.9473845],[14.6300891,120.9513564],[14.630056,120.9532467],[14.6300311,120.9549805],[14.6300311,120.9550835],[14.6300062,120.9567229],[14.6299994,120.9592253],[14.625419,120.9600129],[14.6254238,120.9601575],[14.625431,120.9605022],[14.6256009,120.9608458],[14.6264338,120.962453],[14.6290999,120.9627911],[14.6293426,120.9633791],[14.6284265,120.9637807],[14.6274866,120.9642052],[14.6276241,120.96454],[14.6277744,120.9648985],[14.6280229,120.9654594]]
route, [[14.632398,120.9435478],[14.6301058,120.9473072],[14.6300975,120.9473845],[14.6300891,120.9513564],[14.630056,120.9532467],[14.6300311,120.9549805],[14.6300311,120.9550835],[14.6300062,120.9567229],[14.6299994,120.9592253],[14.625419,120.9600129],[14.6205956,120.9597755],[14.6203964,120.9597615],[14.6177187,120.9598662],[14.6145261,120.9601352]]
route, [[14.5911082,120.9866466],[14.5911635,120.98651],[14.592121,120.9870001],[14.5924429,120.9871678],[14.5924904,120.9870959],[14.5926058,120.9869138],[14.5954092,120.9839307],[14.5960443,120.9834785],[14.5966431,120.9825521],[14.5970469,120.9821658],[14.5965953,120.9818265]]
route, [[14.5965953,120.9818265],[14.5970469,120.9821658],[14.5973646,120.9823937],[14.5974407,120.9825086],[14.598314,120.9815835],[14.5984341,120.980721],[14.5984264,120.9806546],[14.598418,120.9805831],[14.5982462,120.9806272],[14.5953681,120.9801549],[14.5948037,120.9780065],[14.5966874,120.9767931],[14.5967463,120.9769327],[14.5963495,120.9771633],[14.5965866,120.9775996]]
route, [[14.5983989,120.9775269],[14.5979588,120.9768369],[14.5975775,120.9770621],[14.5969378,120.9774221],[14.5965866,120.9775996],[14.5975227,120.9793901],[14.5979297,120.9798364],[14.5982674,120.980064],[14.598418,120.9805831],[14.5984264,120.9806546],[14.5984341,120.980721],[14.598314,120.9815835],[14.5974407,120.9825086],[14.5973646,120.9823937],[14.5970469,120.9821658],[14.5965953,120.9818265]]
route, [[14.6028811,121.0136474],[14.6059554,121.0119493],[14.6071322,121.0095347]]
route, [[14.6019504,121.0091332],[14.6020475,121.0102844],[14.6021435,121.0105494],[14.6022305,121.0117835],[14.6024124,121.0134868],[14.6025629,121.0135231],[14.602799,121.0136102],[14.6028811,121.0136474]]
route, [[14.6145261,120.9601352],[14.6095537,120.9609006],[14.6094148,120.9609188],[14.6026785,120.9614999],[14.6025284,120.9615175],[14.6007312,120.9624892],[14.5997781,120.9645015],[14.5996713,120.9646447],[14.5998882,120.9648598],[14.6014594,120.9646447],[14.6014315,120.9654728]]
route, [[14.6145261,120.9601352],[14.6145424,120.9602509],[14.6168482,120.9601618],[14.6177318,120.9600885],[14.6192336,120.9599393],[14.6200569,120.9599042],[14.6203078,120.9602933],[14.6206778,120.9598818],[14.6208612,120.9598923],[14.6227567,120.9600319],[14.6236875,120.9600743],[14.6244025,120.9601069],[14.6254238,120.9601575],[14.625419,120.9600129],[14.6205956,120.9597755],[14.6206793,120.9584526]]
route, [[14.6145261,120.9601352],[14.6145424,120.9602509],[14.6168482,120.9601618],[14.6177318,120.9600885],[14.6192336,120.9599393],[14.6200569,120.9599042],[14.6203078,120.9602933],[14.6206778,120.9598818],[14.6208612,120.9598923],[14.6208378,120.9614407],[14.6207514,120.9621256],[14.620792,120.9628679],[14.6210087,120.9637926]]
route, [[14.6145261,120.9601352],[14.6095537,120.9609006],[14.6094148,120.9609188],[14.6026785,120.9614999],[14.6025284,120.9615175],[14.6007312,120.9624892],[14.5981023,120.9658586],[14.5976616,120.9661686],[14.5946789,120.9681346],[14.5940301,120.9686494],[14.5932415,120.9691624],[14.5918031,120.9700972],[14.5910231,120.970496],[14.5906231,120.9704896],[14.5904531,120.9708965],[14.5894698,120.9716712],[14.587421,120.9729059],[14.5848108,120.9743631],[14.5846557,120.9744314],[14.5829284,120.9753411],[14.5828133,120.9754055],[14.582927,120.9756109],[14.5840065,120.9774952],[14.5847958,120.9788557],[14.5819811,120.981098],[14.5818901,120.9812432],[14.5832023,120.9834597],[14.58264,120.9845269],[14.5824239,120.9846488],[14.5825044,120.984804],[14.5832457,120.9871277],[14.5836249,120.9881907],[14.5839625,120.989077],[14.5842672,120.9899112],[14.5847742,120.9915406],[14.5850413,120.9923661],[14.5853606,120.9933047],[14.5854099,120.9936266],[14.5854992,120.9938149],[14.5855504,120.9938777],[14.5857311,120.9940519],[14.587055,120.9951472],[14.5872788,120.9953463],[14.588881,120.9967685],[14.5882574,120.9976855],[14.5890066,120.9985254],[14.5896622,121.0017687],[14.5881134,121.0018774],[14.5878172,121.0018858],[14.5874575,121.00189],[14.588058,121.0007159]]
route, [[14.5818375,120.9861617],[14.5808471,120.9881042],[14.5806937,120.9883695],[14.581629,120.9895526],[14.582036,120.9899818],[14.5804328,120.9907028],[14.5806737,120.9913723],[14.5808819,120.9920205],[14.5813162,120.9946888],[14.5813736,120.9949825],[14.5815031,120.9957091],[14.5828688,120.9956107]]
route, [[14.5791878,120.9911651],[14.5792298,120.9912434],[14.5804328,120.9907028],[14.582036,120.9899818],[14.5839625,120.989077],[14.5836249,120.9881907],[14.5832457,120.9871277],[14.5827171,120.987346],[14.5818375,120.9861617]]
route, [[14.5818375,120.9861617],[14.5808471,120.9881042],[14.5806229,120.9875844],[14.5803122,120.9869015],[14.5799848,120.9862355],[14.5825044,120.984804],[14.5835472,120.9842276],[14.5836743,120.9841557],[14.5861846,120.9827379]]
route, [[14.5828688,120.9956107],[14.5815031,120.9957091],[14.5813736,120.9949825],[14.5813162,120.9946888],[14.5808819,120.9920205],[14.5806737,120.9913723],[14.5822324,120.9906042],[14.5822501,120.9904713],[14.5842672,120.9899112],[14.5847742,120.9915406],[14.584304,120.9917209],[14.583976,120.9918225],[14.5835887,120.9918322],[14.5832481,120.9918579],[14.5829325,120.9918922],[14.5828198,120.9919142]]
route, [[14.5911082,120.9866466],[14.5911635,120.98651],[14.592121,120.9870001],[14.5924429,120.9871678],[14.5924904,120.9870959],[14.5922268,120.9869488],[14.5901817,120.9857237],[14.5895572,120.9852255],[14.5887171,120.9846378],[14.5880269,120.9849135],[14.5846782,120.9864353],[14.5832457,120.9871277],[14.5836249,120.9881907],[14.5839625,120.989077],[14.5842672,120.9899112],[14.5847742,120.9915406],[14.584304,120.9917209],[14.583976,120.9918225],[14.5835887,120.9918322],[14.5832481,120.9918579],[14.5829325,120.9918922],[14.5828198,120.9919142]]
route, [[14.5828198,120.9919142],[14.5829325,120.9918922],[14.5832481,120.9918579],[14.5835887,120.9918322],[14.583976,120.9918225],[14.584304,120.9917209],[14.5847742,120.9915406],[14.5842672,120.9899112],[14.5839625,120.989077],[14.582036,120.9899818],[14.5804328,120.9907028],[14.5792298,120.9912434],[14.5791878,120.9911651]]
route, [[14.6280229,120.9654594],[14.6277744,120.9648985],[14.6287225,120.9644484],[14.6285468,120.9641141],[14.6294715,120.963678],[14.6293426,120.9633791],[14.6290999,120.9627911],[14.6264338,120.962453],[14.6256009,120.9608458],[14.625431,120.9605022],[14.6254238,120.9601575],[14.625419,120.9600129],[14.6205956,120.9597755],[14.6206793,120.9584526]]
route, [[14.6206793,120.9584526],[14.6205956,120.9597755],[14.6203964,120.9597615],[14.6203589,120.9598833],[14.6206778,120.9598818],[14.6208612,120.9598923],[14.6227567,120.9600319],[14.6236875,120.9600743],[14.6244025,120.9601069],[14.6254238,120.9601575],[14.625431,120.9605022],[14.6256009,120.9608458],[14.6264338,120.962453],[14.6290999,120.9627911],[14.6294606,120.9625892],[14.6297063,120.9624517],[14.6297197,120.9614511],[14.6305487,120.9608066],[14.630264,120.95977],[14.6299038,120.959486],[14.630064,120.9594405],[14.6299994,120.9592253],[14.6300062,120.9567229],[14.6300311,120.9550835],[14.6300311,120.9549805]]
route, [[14.5871955,120.9702272],[14.5876441,120.9697708],[14.5880191,120.9693893],[14.5884628,120.968938],[14.5876864,120.9681116],[14.5879878,120.9677966],[14.5875494,120.9673486]]
route, [[14.5732655,120.9938234],[14.5729931,120.9936108],[14.5726917,120.9933756],[14.5723673,120.9931225],[14.5722831,120.9931689],[14.5770179,120.9969628],[14.5769499,120.9970388],[14.577097,120.9971547],[14.5774047,120.9974004],[14.5787344,120.9984445],[14.5789922,120.9986523],[14.5810483,121.000356],[14.5836307,121.0026099],[14.5909609,121.009605],[14.5908511,121.0100423],[14.5906539,121.0104511],[14.5909565,121.0123756],[14.5911465,121.0131263],[14.5916908,121.0143344],[14.5928932,121.0131313],[14.5928754,121.0130267],[14.5926179,121.0120053]]
route, [[14.5999357,121.0027734],[14.6009284,121.0026963],[14.6014035,121.0026723],[14.6014297,121.0031377],[14.6008964,121.0032053],[14.600922,121.0036074],[14.6000949,121.0046588],[14.5985731,121.0048311],[14.5988676,121.0060362],[14.5992437,121.0071497],[14.5992882,121.0072815],[14.599963,121.009231],[14.5991668,121.0118475],[14.597617,121.013121],[14.5978047,121.0136456],[14.5865472,121.0054445],[14.5856158,121.004582],[14.58813,121.0036865],[14.5893401,121.0037783],[14.5908602,121.0056655],[14.5911011,121.0086352],[14.5910205,121.0093601],[14.5909609,121.009605],[14.5908511,121.0100423],[14.5906539,121.0104511],[14.5909565,121.0123756],[14.5911465,121.0131263],[14.5916908,121.0143344],[14.5928932,121.0131313],[14.5928754,121.0130267],[14.5926179,121.0120053]]
route, [[14.588058,121.0007159],[14.5874575,121.00189],[14.5861085,121.001918],[14.5811757,121.0001974],[14.5799824,120.9992283],[14.5795296,120.9988687],[14.5787524,120.9982466],[14.5787344,120.9984445],[14.5789922,120.9986523],[14.5810483,121.000356],[14.5836307,121.0026099],[14.5909609,121.009605],[14.5908511,121.0100423],[14.5906539,121.0104511],[14.5909565,121.0123756],[14.5911465,121.0131263],[14.5916908,121.0143344],[14.5928932,121.0131313],[14.5928754,121.0130267],[14.5926179,121.0120053]]
route, [[14.6046039,120.989462],[14.6047305,120.9896418],[14.6042973,120.9898029],[14.6043751,120.9904408],[14.6029253,120.9908374],[14.6009338,120.9916263],[14.601225,120.9921321],[14.6013055,120.9922635],[14.6013881,120.9924132],[14.6014943,120.9926087],[14.6007684,120.9971195],[14.6013678,121.0022631],[14.6014035,121.0026723],[14.6009284,121.0026963],[14.5999357,121.0027734]]
route, [[14.5999357,121.0027734],[14.6009284,121.0026963],[14.6014035,121.0026723],[14.6014297,121.0031377],[14.6015701,121.0044852],[14.6017379,121.0061281],[14.6017933,121.0068963],[14.6018182,121.0077766],[14.6019504,121.0091332]]
route, [[14.6071322,121.0095347],[14.6076233,121.0098684],[14.6081973,121.0091049],[14.6090714,121.007953],[14.6101425,121.0065645],[14.611189,121.0052656],[14.610996,121.0035296],[14.6113809,121.0033901],[14.6115594,121.0033178],[14.6127033,121.0029605],[14.6135144,121.0025486],[14.6137463,121.002947],[14.613859,121.0030001],[14.6141986,121.0026619]]
route, [[14.6141986,121.0026619],[14.6149315,121.0029103],[14.6155569,121.00136],[14.614689,121.0013716],[14.6147271,121.0010297],[14.614774,121.000743],[14.6148337,121.0003857],[14.6149248,121.000059],[14.6150318,120.9997731],[14.6154212,120.9991891],[14.615459,120.9990606],[14.6152338,120.9987755],[14.614984,120.9984868],[14.6144884,120.9979651],[14.614005,120.9974435],[14.6137758,120.9971962],[14.6135243,120.9969248],[14.6132491,120.9966279],[14.6130355,120.9963974],[14.6128028,120.9961454],[14.6125259,120.9958438],[14.6123096,120.9956082],[14.6120193,120.995291],[14.6117852,120.9950324],[14.6115317,120.9947506],[14.6113118,120.9945061],[14.611051,120.9942224],[14.6108245,120.993972],[14.6103287,120.9934273],[14.6097924,120.9928448],[14.609709,120.9927546],[14.6066775,120.9894438],[14.6065949,120.9895247],[14.6055273,120.9905479],[14.6050337,120.9899933],[14.6047305,120.9896418],[14.6046039,120.989462]]
route, [[14.6210087,120.9637926],[14.621421,120.963621],[14.6217645,120.9647157],[14.6218495,120.9650749],[14.6232041,120.9647531],[14.6235283,120.9646437],[14.6268579,120.9652791],[14.6277744,120.9648985],[14.6280229,120.9654594]]
route, [[14.615255,120.973469],[14.6155756,120.9735359],[14.6158773,120.9721581],[14.6162299,120.9722186],[14.6165019,120.9722774],[14.6167701,120.972341],[14.6179622,120.9710679],[14.6180656,120.9708393],[14.6180931,120.9707737],[14.6182004,120.9706068],[14.6207027,120.9662066],[14.6204918,120.9654025],[14.6203635,120.9650222],[14.6207491,120.9649519],[14.6205373,120.963929],[14.6208532,120.9638454],[14.6210087,120.9637926]]
route, [[14.588058,121.0007159],[14.5874575,121.00189],[14.5861085,121.001918],[14.5811757,121.0001974],[14.5809996,120.9993401],[14.5826941,120.9973095],[14.582631,120.9972386],[14.5816996,120.9972359],[14.581607,120.9964228],[14.5815031,120.9957091],[14.5828688,120.9956107]]
route, [[14.6280229,120.9654594],[14.6271154,120.965895],[14.6258279,120.9666093],[14.6253575,120.9669221],[14.62488,120.9672171],[14.6221574,120.9722365],[14.6219409,120.9734163],[14.6217661,120.9743687],[14.6200182,120.9744514],[14.6190167,120.974272],[14.6173428,120.9739239],[14.6168756,120.973829],[14.616511,120.9737536],[14.6162022,120.9736788],[14.6159109,120.9736099],[14.6155756,120.9735359],[14.615255,120.973469]]
route, [[14.615255,120.973469],[14.6155756,120.9735359],[14.6159109,120.9736099],[14.6162022,120.9736788],[14.616511,120.9737536],[14.6168756,120.973829],[14.6173428,120.9739239],[14.6169383,120.975797],[14.6168869,120.9761007],[14.6167557,120.9772903],[14.6167407,120.9774066],[14.6196264,120.9777489],[14.6209542,120.9779369],[14.6209002,120.9782986],[14.6206738,120.9800887],[14.6219071,120.9801119],[14.6218944,120.9810283]]
route, [[14.6206116,120.9828966],[14.6206134,120.9827964],[14.6206344,120.9819154],[14.6206612,120.9809996],[14.6206738,120.9800887],[14.6209002,120.9782986],[14.6195451,120.9782526],[14.6166779,120.9781713],[14.6167407,120.9774066],[14.6167557,120.9772903],[14.6168869,120.9761007],[14.6169383,120.975797],[14.6173428,120.9739239],[14.6168756,120.973829],[14.616511,120.9737536],[14.6162022,120.9736788],[14.6159109,120.9736099],[14.6155756,120.9735359],[14.615255,120.973469]]
route, [[14.5640073,120.9908562],[14.564873,120.9902816],[14.5649134,120.9906884],[14.5666689,120.9900807],[14.5668583,120.9900044],[14.5677548,120.9895781],[14.5678366,120.9894956],[14.5697489,120.9886159],[14.5699501,120.989025],[14.5713212,120.9882584],[14.5717146,120.9889198],[14.5720895,120.9896099],[14.5724603,120.9902991],[14.5725218,120.9904209],[14.5728808,120.9911107],[14.5730503,120.991441],[14.573218,120.9917746],[14.5733723,120.9920923],[14.5735527,120.9924537],[14.573719,120.992767],[14.5738913,120.9931142],[14.5740406,120.993378],[14.5732655,120.9938234]]
route, [[14.5640073,120.9908562],[14.5639207,120.9907122],[14.5609052,120.9923142],[14.5602116,120.9894964],[14.5650494,120.9868621],[14.5651234,120.9868167],[14.564888,120.9863255],[14.5645045,120.9852716],[14.5644427,120.9850886],[14.5683225,120.983392],[14.5688674,120.9831407],[14.5707373,120.9822629],[14.5718546,120.9817472],[14.5731171,120.9810611],[14.5734488,120.9808995],[14.5742435,120.9804951],[14.5750983,120.9800499],[14.5763647,120.9793335],[14.5772307,120.9788557],[14.5779775,120.9784408],[14.5782054,120.9783094],[14.5788581,120.9779703],[14.5797419,120.977439],[14.579888,120.9773546],[14.5797927,120.9771833],[14.5795273,120.9763896]]
route, [[14.6014315,120.9654728],[14.6012089,120.9662071],[14.6013784,120.9663653],[14.6016894,120.9667247],[14.6022091,120.9672692],[14.602468,120.9675517],[14.6031537,120.9680782],[14.6035871,120.9684993],[14.6040444,120.9688972],[14.6046003,120.9693957],[14.6032636,120.9704628],[14.602982,120.970755],[14.6024487,120.971379],[14.6021045,120.9716956],[14.596929,120.9748218],[14.5972076,120.9754079],[14.5968006,120.9756344],[14.5970574,120.9762795],[14.5972169,120.9763792],[14.5975775,120.9770621],[14.5980325,120.9777603],[14.5983989,120.9775269]]
route, [[14.6071322,121.0095347],[14.6059554,121.0119493],[14.6028811,121.0136474],[14.602799,121.0136102],[14.6025629,121.0135231],[14.6023909,121.0116591],[14.6022305,121.0117835],[14.6020959,121.0119071],[14.6016808,121.0123203],[14.601542,121.0103851],[14.6019504,121.0091332]]
route, [[14.6046039,120.989462],[14.6041371,120.9893868],[14.6037313,120.9891929],[14.6030726,120.9888487],[14.6018014,120.9881617],[14.6022178,120.9872468],[14.6022472,120.9871801],[14.6031272,120.9852538],[14.6033133,120.9848621],[14.6035365,120.9837038],[14.6033951,120.9836896],[14.6031725,120.9848541],[14.6013675,120.9846399],[14.6006427,120.9844931],[14.5995259,120.9842633],[14.5980308,120.9839489],[14.594714,120.9806536],[14.5955457,120.9782267],[14.5942931,120.9742055],[14.5936709,120.9741918],[14.5926853,120.9730542],[14.5922294,120.9725281],[14.5917594,120.9719857],[14.5914144,120.9715875],[14.591193,120.9709298],[14.591207,120.9708562],[14.5938036,120.9689232],[14.5942476,120.9686299],[14.5975174,120.9664048],[14.5976928,120.9663233],[14.5979848,120.9661689],[14.5996569,120.9650659],[14.5998882,120.9648598],[14.6014594,120.9646447],[14.6014315,120.9654728]]
route, [[14.5965866,120.9775996],[14.5969378,120.9774221],[14.5975775,120.9770621],[14.5972169,120.9763792],[14.5976082,120.9761631],[14.5972076,120.9754079],[14.596929,120.9748218],[14.6021045,120.9716956],[14.6019688,120.9714148],[14.601958,120.970306],[14.602307,120.969873],[14.6025981,120.9695309],[14.6022112,120.9690699],[14.6016126,120.9683131],[14.601316,120.9679139],[14.6010077,120.9675487],[14.6005878,120.9670168],[14.6006107,120.9664303],[14.6010818,120.9660885],[14.6012089,120.9662071],[14.6014315,120.9654728]]
route, [[14.5795273,120.9763896],[14.5795214,120.9747602],[14.5812569,120.9737568],[14.5828133,120.9754055],[14.582927,120.9756109],[14.5830399,120.9755414],[14.584065,120.9749969],[14.5847808,120.974467],[14.5848108,120.9743631],[14.5844516,120.9738376],[14.5850359,120.973467],[14.5854167,120.9732268],[14.5858315,120.9729651],[14.5863049,120.9726665],[14.5868527,120.9723204],[14.5860006,120.9714426],[14.5864017,120.9710346],[14.5867967,120.9706328],[14.5871955,120.9702272]]
route, [[14.5861846,120.9827379],[14.5887171,120.9846378],[14.5895572,120.9852255],[14.5901817,120.9857237],[14.5911635,120.98651],[14.5911082,120.9866466]]
route, [[14.5875494,120.9673486],[14.5879878,120.9677966],[14.5876864,120.9681116],[14.5884628,120.968938],[14.5880191,120.9693893],[14.5876441,120.9697708],[14.5871955,120.9702272]]
route, [[14.5871955,120.9702272],[14.5867967,120.9706328],[14.5864017,120.9710346],[14.5860006,120.9714426],[14.5868527,120.9723204],[14.587421,120.9729059],[14.5848108,120.9743631],[14.5846557,120.9744314],[14.5829284,120.9753411],[14.5828133,120.9754055],[14.5799182,120.9771111]]
route, [[14.6012371,120.9890256],[14.600341,120.9908649],[14.6002926,120.9909603],[14.6004354,120.9910488],[14.6018014,120.9881617],[14.6030726,120.9888487],[14.6037313,120.9891929],[14.6041371,120.9893868],[14.6046039,120.989462]]
route, [[14.5861846,120.9827379],[14.5873437,120.9820263],[14.5904154,120.9820224],[14.5904196,120.9808121],[14.5903821,120.9805888],[14.5901629,120.9806335],[14.5859479,120.9801317],[14.5852763,120.9793733],[14.5848182,120.9785938],[14.5846487,120.9783299],[14.5841198,120.9774016],[14.5830399,120.9755414],[14.5829284,120.9753411],[14.5828133,120.9754055],[14.5799182,120.9771111]]
route, [[14.5965866,120.9775996],[14.5975227,120.9793901],[14.5979297,120.9798364],[14.5982674,120.980064],[14.598418,120.9805831],[14.5982462,120.9806272],[14.5953681,120.9801549],[14.5951878,120.9800804],[14.5942482,120.9797219],[14.5923497,120.9798514],[14.5903821,120.9805888],[14.5890481,120.9809401],[14.5869725,120.9820165],[14.5861361,120.9825593],[14.5860539,120.9826077],[14.5861846,120.9827379]]
