stop, 14.5562331, 121.0252637, #ff9900
stop, 14.5601211, 121.0271262, #ff9900
stop, 14.5463763, 121.0246041, #ff9900
stop, 14.5512245, 121.0239252, #ff9900
stop, 14.5562903, 121.0251336, #ff9900
stop, 14.5628593, 121.0223028, #ff9900
stop, 14.5500062, 121.043863, #ff9900
stop, 14.5491419, 121.002587, #ff9900
stop, 14.5595811, 121.0246822, #ff9900
stop, 14.55637, 121.0368195, #ff9900
stop, 14.5476759, 121.034468, #ff9900
stop, 14.5518416, 121.028039, #ff9900
stop, 14.5534559, 121.025421, #ff9900
stop, 14.5628593, 121.0223028, #ff9900
stop, 14.5589002, 121.0222839, #ff9900
stop, 14.5680838, 121.016201, #ff9900
stop, 14.5583208, 121.0087073, #ff9900
stop, 14.5595811, 121.0246822, #ff9900
stop, 14.5532137, 121.0263497, #ff9900
stop, 14.5651961, 121.0332347, #ff9900
stop, 14.5628593, 121.0223028, #ff9900
stop, 14.5586884, 121.0272816, #ff9900
stop, 14.540798, 121.0134517, #ff9900
stop, 14.5629072, 121.0244602, #ff9900
stop, 14.5534766, 121.0150226, #ff9900
stop, 14.5410284, 121.0184241, #ff9900
stop, 14.551594, 121.0183078, #ff9900
stop, 14.5581366, 121.0167901, #ff9900
stop, 14.5509542, 121.0272086, #ff9900
stop, 14.5629072, 121.0244602, #ff9900
stop, 14.5598542, 121.0163485, #ff9900
stop, 14.561559, 121.042974, #ff9900
stop, 14.5616844, 121.0087403, #ff9900
stop, 14.5515803, 121.0209029, #ff9900
stop, 14.5506318, 121.026801, #ff9900
stop, 14.5599076, 121.0315344, #ff9900
stop, 14.5491359, 121.0278597, #ff9900
stop, 14.5601504, 121.0235962, #ff9900
stop, 14.5553967, 121.0210945, #ff9900
stop, 14.5528524, 121.0184293, #ff9900
stop, 14.5541734, 121.018285, #ff9900
stop, 14.5517283, 121.0162197, #ff9900
stop, 14.5516638, 121.0308621, #ff9900
stop, 14.553074, 121.0193078, #ff9900
stop, 14.5547239, 121.0344468, #ff9900
stop, 14.5536116, 121.021437, #ff9900
stop, 14.55794, 121.025174, #ff9900
stop, 14.5471709, 121.0133312, #ff9900
stop, 14.5576609, 121.0103877, #ff9900
stop, 14.5703282, 121.0221739, #ff9900
route, [[14.5558841,121.0259179],[14.5562331,121.0252637],[14.5582855,121.0263006],[14.5584126,121.0263665],[14.5583753,121.026203],[14.5580566,121.025139],[14.5591168,121.0248213],[14.5595811,121.0246822]]
route, [[14.5533219,121.0264486],[14.5533828,121.0263807],[14.5538329,121.0258194],[14.5547244,121.0244844],[14.5562331,121.0252637],[14.5558841,121.0259179]]
route, [[14.5584222,121.0224325],[14.5573524,121.0227653],[14.5572301,121.0228033],[14.55794,121.025174],[14.5580851,121.0256502],[14.5577334,121.0258777],[14.5562903,121.0251336],[14.5562331,121.0252637],[14.5558841,121.0259179]]
route, [[14.5597805,121.0236871],[14.5601504,121.0235962],[14.5610869,121.0251232],[14.5608979,121.0255152],[14.5606956,121.0259348],[14.560501,121.0263383],[14.5601211,121.0271262]]
route, [[14.5601211,121.0271262],[14.5583753,121.026203],[14.5582347,121.0261287],[14.5577334,121.0258777],[14.5562903,121.0251336]]
route, [[14.5463763,121.0246041],[14.5451091,121.0231228],[14.5422385,121.0195182],[14.5414645,121.0181678],[14.5410284,121.0184241]]
route, [[14.5466543,121.0344755],[14.5476759,121.034468],[14.5494434,121.030361],[14.5496026,121.0301142],[14.5501814,121.0295197],[14.5504775,121.0292676],[14.550354,121.0291733],[14.5501293,121.0289227],[14.5491359,121.0278597],[14.5463763,121.0246041]]
route, [[14.5463763,121.0246041],[14.5451091,121.0231228],[14.5422385,121.0195182],[14.5414645,121.0181678],[14.5410284,121.0184241],[14.5419814,121.0196381],[14.5449567,121.0232477],[14.5473883,121.0261985],[14.5476326,121.0259894],[14.5484415,121.0252847],[14.5493158,121.0262905]]
route, [[14.5509542,121.0272086],[14.5512682,121.0272118],[14.5517239,121.0267399],[14.5526182,121.025729],[14.5530055,121.0251009],[14.5524094,121.0244337],[14.5513245,121.023867],[14.551267,121.0238417],[14.5512245,121.0239252]]
route, [[14.5512245,121.0239252],[14.5513245,121.023867],[14.5517882,121.0229715],[14.5518485,121.0228466],[14.551505,121.022284],[14.5515803,121.0209029],[14.553612,121.0215054],[14.5536116,121.021437]]
route, [[14.5562903,121.0251336],[14.554799,121.0243742],[14.5546561,121.024307],[14.5545871,121.0244225],[14.5537674,121.0256548],[14.5532696,121.0262827],[14.5532137,121.0263497],[14.5533219,121.0264486]]
route, [[14.5500062,121.043863],[14.5498274,121.0443569],[14.5495745,121.0451557],[14.5492858,121.0460514],[14.5484639,121.0457756],[14.5480888,121.0456414],[14.5473164,121.0462515],[14.5465272,121.0459877],[14.5451598,121.045672],[14.5450727,121.045388],[14.5476759,121.034468],[14.5466543,121.0344755]]
route, [[14.561559,121.042974],[14.5611643,121.0435189],[14.5608092,121.0431789],[14.5597466,121.0415646],[14.5590589,121.043254],[14.5588024,121.0431879],[14.558028,121.044864],[14.5575584,121.0435979],[14.5573198,121.0412322],[14.557173,121.0331858],[14.5593463,121.0311956],[14.5596997,121.0308077],[14.5596634,121.030634],[14.5571423,121.0330662],[14.5552346,121.0347418],[14.5572876,121.0394805],[14.555258,121.0453572],[14.554795,121.0469171],[14.5545247,121.0477984],[14.5542375,121.0486628],[14.5524943,121.0480402],[14.5507759,121.0474712],[14.5490362,121.0468586],[14.5492858,121.0460514],[14.5495745,121.0451557],[14.5498274,121.0443569],[14.5500062,121.043863]]
route, [[14.5616844,121.0087403],[14.5623179,121.0084303],[14.5613223,121.0064445],[14.5608845,121.0066169],[14.5601824,121.0067575],[14.5595106,121.0071317],[14.5586124,121.0076119],[14.5584968,121.0072622],[14.5583761,121.0069945],[14.5576247,121.0055235],[14.5569143,121.0057101],[14.5561032,121.0039898],[14.5554178,121.0041694],[14.5540909,121.0045079],[14.552247,121.0049738],[14.551073,121.0052956],[14.5508583,121.0057629],[14.5506522,121.0062114],[14.5502796,121.0070222],[14.55011,121.0062993],[14.5500983,121.0062467],[14.5499471,121.0055771],[14.5498517,121.0052572],[14.5497433,121.005],[14.5490399,121.004229],[14.5495621,121.003901],[14.5492675,121.0029064]]
route, [[14.5492675,121.0029064],[14.5495621,121.003901],[14.5490399,121.004229],[14.5497433,121.005],[14.5498517,121.0052572],[14.5499471,121.0055771],[14.5500983,121.0062467],[14.55011,121.0062993],[14.5502796,121.0070222],[14.5503311,121.0073537],[14.5508029,121.0067393],[14.5525927,121.0062968],[14.5544173,121.0058356],[14.5560249,121.0054216],[14.5562534,121.0058695],[14.5566792,121.006765],[14.5570677,121.0077034],[14.556982,121.0080592],[14.5569847,121.0083746],[14.5570017,121.0084169],[14.5580755,121.0082586],[14.5583208,121.0087073]]
route, [[14.5492675,121.0029064],[14.5495621,121.003901],[14.5490399,121.004229],[14.5483752,121.0037468],[14.5475844,121.0041621],[14.5479451,121.006022],[14.5470837,121.0063066],[14.5468867,121.0063069],[14.5470818,121.0072971],[14.5472746,121.0082204],[14.5476404,121.0094944],[14.5477033,121.0098836],[14.5471834,121.0099424],[14.546707,121.0100006],[14.5468706,121.0110113],[14.5463608,121.0110946],[14.5458698,121.0111749],[14.5460348,121.0122858],[14.546455,121.0135002],[14.5460166,121.0137334],[14.5450951,121.0142249],[14.5447172,121.0144205],[14.5430437,121.0152972],[14.5428727,121.0153855],[14.5427233,121.0154648],[14.5404846,121.0164523],[14.5399194,121.0167813],[14.5401053,121.017426],[14.5418455,121.019419],[14.5419814,121.0196381],[14.5449567,121.0232477],[14.5472841,121.0259348],[14.5517853,121.0313943]]
route, [[14.5651961,121.0332347],[14.564842,121.0329695],[14.5639897,121.034481],[14.5629668,121.0344606],[14.5618262,121.0327652],[14.5618735,121.0327075],[14.5621645,121.0323846],[14.5624732,121.032042],[14.5623925,121.0319715],[14.5617309,121.0328892],[14.5629614,121.0363296],[14.5629483,121.0371367],[14.5629577,121.0385776],[14.5627864,121.0390285],[14.5613632,121.0396109],[14.5603346,121.0403155],[14.5598262,121.0404661],[14.5584714,121.0389035],[14.5572849,121.0376572],[14.5557306,121.0357798],[14.5547239,121.0344468],[14.5516638,121.0308621],[14.5463763,121.0246041],[14.5451091,121.0231228],[14.5422385,121.0195182],[14.5411217,121.0168976],[14.5422683,121.0159852],[14.5471709,121.0133312],[14.5475376,121.0131328],[14.5512342,121.0111196],[14.5511834,121.0108697],[14.5506683,121.0111357],[14.5505014,121.0104259],[14.5503155,121.0095631],[14.5501495,121.0088337],[14.5507115,121.0086857],[14.5505185,121.008054],[14.5503606,121.007393],[14.5503311,121.0073537],[14.5502796,121.0070222],[14.55011,121.0062993],[14.5500983,121.0062467],[14.5499471,121.0055771],[14.5498517,121.0052572],[14.5497433,121.005],[14.5490399,121.004229],[14.5495621,121.003901],[14.5492675,121.0029064]]
route, [[14.5450951,121.0142249],[14.5448139,121.0135221],[14.5445762,121.0125829],[14.5443896,121.0114168],[14.5438052,121.0115135],[14.543316,121.0115942],[14.5431819,121.0106348],[14.5430848,121.0100422],[14.5429541,121.0088174],[14.5430006,121.008127],[14.543009,121.0080246],[14.5439076,121.0081429],[14.5439599,121.0075465],[14.5447241,121.0074898],[14.5445117,121.0064025],[14.5437979,121.006161],[14.5439087,121.0045277],[14.5438191,121.0027458],[14.5445348,121.0026801],[14.5455395,121.0025753],[14.5460363,121.002537],[14.5463664,121.0024952],[14.5467029,121.0024193],[14.5481041,121.0019731],[14.5488259,121.0017222],[14.5491419,121.002587],[14.5492675,121.0029064]]
route, [[14.5586117,121.0273003],[14.5586884,121.0272816],[14.5585718,121.0268743],[14.5584126,121.0263665],[14.5583753,121.026203],[14.5580566,121.025139],[14.5591168,121.0248213],[14.5595811,121.0246822]]
route, [[14.5595811,121.0246822],[14.5589002,121.0222839],[14.5596396,121.0198391],[14.5609773,121.0181148],[14.5610574,121.0188938],[14.5611321,121.0196576],[14.5611886,121.0200946],[14.5618127,121.0200194],[14.5620616,121.0224118],[14.5621919,121.0224313],[14.5628593,121.0223028],[14.5629072,121.0244602]]
route, [[14.5517853,121.0313943],[14.5534251,121.0333385],[14.5555825,121.0359321],[14.55637,121.0368195]]
route, [[14.55637,121.0368195],[14.5566221,121.0371289],[14.5569488,121.0375122],[14.5572828,121.0379042],[14.557528,121.0381917],[14.5579866,121.0385275],[14.5625844,121.0392388],[14.5628666,121.0391238],[14.5630125,121.0390555],[14.5630832,121.0390249],[14.563046,121.0389179],[14.5629754,121.038953],[14.5627864,121.0390285],[14.5613632,121.0396109],[14.5603346,121.0403155],[14.5598262,121.0404661],[14.5584714,121.0389035],[14.5551524,121.0349054],[14.5555271,121.0345607],[14.5599076,121.0315344]]
route, [[14.5534251,121.0333385],[14.5555825,121.0359321],[14.55637,121.0368195]]
route, [[14.55637,121.0368195],[14.5566221,121.0371289],[14.5569488,121.0375122],[14.5572828,121.0379042],[14.557528,121.0381917],[14.5578556,121.0385759],[14.5581846,121.0389675],[14.5585347,121.0393857],[14.5592121,121.0401552],[14.5595677,121.0406028],[14.5599718,121.0411106],[14.561559,121.042974]]
route, [[14.5466543,121.0344755],[14.5476759,121.034468],[14.5494434,121.030361],[14.5496026,121.0301142],[14.5501814,121.0295197],[14.5503821,121.0297876],[14.5507474,121.0302306],[14.5517853,121.0313943]]
route, [[14.5518416,121.028039],[14.5523503,121.0275341],[14.552327,121.0273386],[14.5516446,121.0280204],[14.5506779,121.0288437],[14.550354,121.0291733],[14.5500955,121.0294006],[14.5501814,121.0295197],[14.5503821,121.0297876],[14.5507474,121.0302306],[14.5517853,121.0313943]]
route, [[14.5534559,121.025421],[14.5537674,121.0256548],[14.5532696,121.0262827],[14.5532137,121.0263497],[14.552327,121.0273386],[14.5516446,121.0280204],[14.5517232,121.0281113],[14.5518416,121.028039]]
route, [[14.5515803,121.0209029],[14.551517,121.0208979],[14.5513742,121.0223474],[14.5515317,121.022384],[14.5517887,121.0228177],[14.5517268,121.0229405],[14.5517882,121.0229715],[14.5528745,121.0235146],[14.5545871,121.0244225],[14.5537674,121.0256548],[14.5534559,121.025421]]
route, [[14.5536116,121.021437],[14.5538941,121.0194905],[14.5543271,121.0195598],[14.5547496,121.019768],[14.5551682,121.0199911],[14.5558248,121.0204444],[14.556731,121.0211395],[14.5546561,121.024307],[14.5545871,121.0244225],[14.5537674,121.0256548],[14.5534559,121.025421]]
route, [[14.5629072,121.0244602],[14.5628593,121.0223028]]
route, [[14.5628593,121.0223028],[14.5643285,121.0163099],[14.566492,121.0171455],[14.566518,121.0166681],[14.5677615,121.0170939],[14.5679341,121.0166474],[14.5680838,121.016201]]
route, [[14.5553967,121.0210945],[14.5558248,121.0204444],[14.556731,121.0211395],[14.5567879,121.0213205],[14.5568858,121.0211715],[14.5583305,121.018943],[14.5592921,121.0196013],[14.5584222,121.0224325]]
route, [[14.5680838,121.016201],[14.5665684,121.015666],[14.5666272,121.0147798],[14.5666774,121.0139057],[14.5667316,121.0129406],[14.5659967,121.0125446],[14.5637148,121.0113576],[14.56259,121.0109588],[14.5614749,121.0110404],[14.5605611,121.0114606],[14.5599851,121.0117298],[14.5598551,121.0118057],[14.5593195,121.0120959],[14.5583259,121.0126546],[14.5586346,121.0140681],[14.5552322,121.014668],[14.5534766,121.0150226]]
route, [[14.5680838,121.016201],[14.5679341,121.0166474],[14.5687422,121.0169977],[14.5683666,121.0178608],[14.5686969,121.0180008],[14.568561,121.0183662],[14.5677791,121.0204797],[14.5671194,121.0222709],[14.5677105,121.0224801],[14.5678993,121.022045],[14.5697179,121.0227148],[14.5697715,121.0225606],[14.5701809,121.0227204],[14.5703282,121.0221739]]
route, [[14.5680838,121.016201],[14.5665684,121.015666],[14.5666272,121.0147798],[14.5666774,121.0139057],[14.5667316,121.0129406],[14.5659967,121.0125446],[14.5637148,121.0113576],[14.56259,121.0109588],[14.5614749,121.0110404],[14.5605611,121.0114606],[14.5599851,121.0117298],[14.5598551,121.0118057],[14.5593195,121.0120959],[14.5583259,121.0126546],[14.5586346,121.0140681],[14.5587515,121.0148044],[14.5588288,121.0156061],[14.5598542,121.0163485],[14.5599726,121.0164549]]
route, [[14.5616844,121.0087403],[14.5627259,121.01023],[14.56259,121.0109588],[14.5637148,121.0113576],[14.5659967,121.0125446],[14.5667316,121.0129406],[14.5666774,121.0139057],[14.5666272,121.0147798],[14.5665684,121.015666],[14.5680838,121.016201]]
route, [[14.5583208,121.0087073],[14.55888,121.0098416],[14.5583307,121.0100945],[14.5593195,121.0120959],[14.5583259,121.0126546],[14.5586346,121.0140681],[14.5552322,121.014668],[14.5534766,121.0150226]]
route, [[14.5629072,121.0244602],[14.5620842,121.0281155],[14.5617885,121.0279283],[14.5615207,121.0278055],[14.5614107,121.0277577],[14.5608982,121.027502],[14.5606462,121.0273832],[14.5601211,121.0271262],[14.560501,121.0263383],[14.5606956,121.0259348],[14.5595811,121.0246822],[14.5599925,121.0245589],[14.5597805,121.0236871]]
route, [[14.5493158,121.0262905],[14.5498048,121.025853],[14.5506318,121.026801],[14.5509542,121.0272086],[14.5512682,121.0272118],[14.5517239,121.0267399],[14.5526182,121.025729],[14.5532137,121.0263497],[14.5533219,121.0264486]]
route, [[14.5533219,121.0264486],[14.5533828,121.0263807],[14.5532696,121.0262827],[14.5532137,121.0263497],[14.552327,121.0273386],[14.5517239,121.0267399],[14.5506318,121.026801],[14.5509542,121.0272086]]
route, [[14.561559,121.042974],[14.5634386,121.0443951],[14.5655107,121.045283],[14.5667502,121.0456665],[14.5668608,121.0463792],[14.5675902,121.0466001],[14.5678329,121.0465195],[14.5678973,121.0462373],[14.5681197,121.0451482],[14.5681875,121.0447082],[14.5681836,121.0445041],[14.5676471,121.0427447],[14.567422,121.0421482],[14.5674097,121.0415492],[14.5674594,121.0408491],[14.5675075,121.0396065],[14.5673804,121.0390817],[14.5669738,121.0377088],[14.5669206,121.0375384],[14.5666957,121.0366575],[14.5668054,121.0351305],[14.5668945,121.0345045],[14.5665811,121.0342719],[14.5655804,121.0344588],[14.565051,121.0344662],[14.5655594,121.0335067],[14.5651961,121.0332347]]
route, [[14.5703282,121.0221739],[14.5703995,121.0219656],[14.5700272,121.0218262],[14.5698741,121.0222623],[14.5680561,121.0215922],[14.5678993,121.022045],[14.5677105,121.0224801],[14.5671194,121.0222709],[14.5666289,121.0235837],[14.5659553,121.0254731],[14.5652912,121.0272381],[14.565761,121.0288473],[14.5653281,121.0297601],[14.5656896,121.0299363],[14.566047,121.0301145],[14.565588,121.0311145],[14.5656507,121.0311142],[14.5656478,121.0319569],[14.5659665,121.0319635],[14.5661107,121.0320174],[14.5658142,121.0323919],[14.5651961,121.0332347]]
route, [[14.5651961,121.0332347],[14.5658142,121.0323919],[14.5661107,121.0320174],[14.5659665,121.0319635],[14.5656478,121.0319569],[14.5653382,121.0318776],[14.5650138,121.0317732],[14.5651506,121.0311096],[14.5656896,121.0299363],[14.5653281,121.0297601],[14.5649278,121.0295504],[14.5644744,121.0293287],[14.5641104,121.0291389],[14.5636369,121.0288863],[14.5629624,121.0285323],[14.5629057,121.0285007],[14.5620842,121.0281155],[14.5618926,121.0285797],[14.5599076,121.0315344]]
route, [[14.5651961,121.0332347],[14.5658142,121.0323919],[14.5661107,121.0320174],[14.5663627,121.0325401],[14.5667505,121.0333735],[14.5669604,121.0335791],[14.5675635,121.0329158],[14.5705504,121.0297876],[14.5703384,121.0295935],[14.5703073,121.0295651],[14.5699991,121.029283],[14.5696605,121.028993],[14.5692788,121.028704],[14.56891,121.028398],[14.5685357,121.0280313],[14.5689512,121.0266986],[14.5659553,121.0254731],[14.5629072,121.0244602]]
route, [[14.5671194,121.0222709],[14.5677105,121.0224801],[14.5678993,121.022045],[14.5697179,121.0227148],[14.5697715,121.0225606],[14.5701809,121.0227204],[14.5703282,121.0221739]]
route, [[14.5671194,121.0222709],[14.5666289,121.0235837],[14.5659553,121.0254731],[14.5629072,121.0244602]]
route, [[14.5599076,121.0315344],[14.5597904,121.0311249],[14.5596997,121.0308077],[14.5596634,121.030634],[14.5595306,121.0302017],[14.5594654,121.0299896],[14.5593009,121.0293013],[14.5586884,121.0272816],[14.5586117,121.0273003]]
route, [[14.5410284,121.0184241],[14.5419814,121.0196381],[14.5449567,121.0232477],[14.5473883,121.0261985],[14.5476326,121.0259894],[14.5451091,121.0231228],[14.5422385,121.0195182],[14.5392702,121.0131219],[14.5391221,121.0123073],[14.5397114,121.0121966],[14.5401401,121.012118],[14.540582,121.0120467],[14.5410449,121.0119617],[14.5412827,121.0133369],[14.540798,121.0134517]]
route, [[14.540798,121.0134517],[14.540582,121.0120467],[14.5410449,121.0119617],[14.5414806,121.0118753],[14.5419204,121.0118047],[14.5423619,121.0117388],[14.5428566,121.0116683],[14.543316,121.0115942],[14.5438052,121.0115135],[14.5443896,121.0114168],[14.5448688,121.0113385],[14.5450428,121.0124955],[14.5452698,121.0133444],[14.5457478,121.0131578],[14.5460166,121.0137334],[14.5450951,121.0142249]]
route, [[14.5576609,121.0103877],[14.5583307,121.0100945],[14.5593195,121.0120959],[14.5583259,121.0126546],[14.5586346,121.0140681],[14.5552322,121.014668],[14.5534766,121.0150226]]
route, [[14.5528524,121.0184293],[14.553246,121.0184674],[14.5535609,121.017088],[14.5538279,121.0159577],[14.5539333,121.0155011],[14.5540993,121.0150169],[14.5552512,121.0147825],[14.5552322,121.014668],[14.5534766,121.0150226]]
route, [[14.5534766,121.0150226],[14.5514005,121.0153879],[14.5513816,121.0155506],[14.5539347,121.0150474],[14.5539333,121.0155011],[14.5517283,121.0162197],[14.551594,121.0183078]]
route, [[14.5534766,121.0150226],[14.5534543,121.0137634],[14.5550482,121.0136042],[14.5583259,121.0126546],[14.5586346,121.0140681],[14.5587515,121.0148044],[14.5553328,121.0152242],[14.5554078,121.015656],[14.5554973,121.0160815],[14.5555729,121.0165082],[14.5557017,121.0169261],[14.5581366,121.0167901]]
route, [[14.5599726,121.0164549],[14.5600245,121.0163962],[14.5599008,121.0162845],[14.5588288,121.0156061],[14.5554078,121.015656],[14.5553328,121.0152242],[14.5552512,121.0147825],[14.5552322,121.014668],[14.5534766,121.0150226]]
route, [[14.5515803,121.0209029],[14.551517,121.0208979],[14.5508014,121.0208388],[14.5509712,121.0191437],[14.5513816,121.0155506],[14.5539347,121.0150474],[14.5539333,121.0155011],[14.5517283,121.0162197],[14.551594,121.0183078]]
route, [[14.551594,121.0183078],[14.5515299,121.0191914],[14.5509712,121.0191437],[14.5513816,121.0155506],[14.5539347,121.0150474],[14.5540993,121.0150169],[14.5552512,121.0147825],[14.5552322,121.014668],[14.5534766,121.0150226],[14.5534543,121.0137634],[14.553457,121.0132294],[14.5514658,121.0130314],[14.5514702,121.0123284],[14.5514023,121.011936],[14.5513246,121.0115645],[14.5512942,121.0114149],[14.5512342,121.0111196],[14.5511834,121.0108697],[14.5506683,121.0111357],[14.5501443,121.0113595],[14.5491646,121.0120026],[14.5486828,121.0122859],[14.5482654,121.0125294],[14.5478085,121.0127783],[14.547333,121.0130403],[14.5468958,121.0132702],[14.546455,121.0135002],[14.5460166,121.0137334],[14.5450951,121.0142249]]
route, [[14.5581366,121.0167901],[14.5557017,121.0169261],[14.5555729,121.0165082],[14.5550296,121.0165802],[14.5544052,121.0173059],[14.5542932,121.0177784],[14.5541734,121.018285]]
route, [[14.5581366,121.0167901],[14.5583902,121.0163901],[14.5586204,121.0160176],[14.5588288,121.0156061],[14.5586853,121.0140655],[14.5595234,121.0143318],[14.559949,121.0143971],[14.5600263,121.0142039],[14.5601194,121.0136861],[14.5593599,121.0121751],[14.5598943,121.0118818],[14.560028,121.0118115],[14.5599851,121.0117298],[14.5598551,121.0118057],[14.5593195,121.0120959],[14.5583307,121.0100945],[14.5576609,121.0103877]]
route, [[14.5509542,121.0272086],[14.5511666,121.027484],[14.5516446,121.0280204],[14.5506779,121.0288437],[14.550354,121.0291733],[14.5500955,121.0294006],[14.5501814,121.0295197],[14.5503821,121.0297876],[14.5507474,121.0302306],[14.5517853,121.0313943]]
route, [[14.5616844,121.0087403],[14.5627259,121.01023],[14.56259,121.0109588],[14.5614749,121.0110404],[14.5605611,121.0114606],[14.5599851,121.0117298],[14.5598551,121.0118057],[14.5593195,121.0120959],[14.5583259,121.0126546],[14.5586346,121.0140681],[14.5587515,121.0148044],[14.5588288,121.0156061],[14.5598542,121.0163485],[14.5599726,121.0164549]]
route, [[14.5599726,121.0164549],[14.5598542,121.0163485],[14.5582044,121.0188454],[14.5567664,121.0210903],[14.5558563,121.0204064],[14.5560651,121.0199866],[14.5562576,121.0196579],[14.5541734,121.018285]]
route, [[14.5599726,121.0164549],[14.5600245,121.0163962],[14.5599008,121.0162845],[14.5588288,121.0156061],[14.5554078,121.015656],[14.5553328,121.0152242],[14.5552512,121.0147825],[14.5552322,121.014668],[14.5534766,121.0150226],[14.5534543,121.0137634],[14.553457,121.0132294],[14.5514658,121.0130314],[14.5514702,121.0123284],[14.5514023,121.011936],[14.5513246,121.0115645],[14.5512942,121.0114149],[14.5512342,121.0111196],[14.5511834,121.0108697],[14.5506683,121.0111357],[14.5501443,121.0113595],[14.5491646,121.0120026],[14.5486828,121.0122859],[14.5482654,121.0125294],[14.5478085,121.0127783],[14.547333,121.0130403],[14.5468958,121.0132702],[14.546455,121.0135002],[14.5460166,121.0137334],[14.5450951,121.0142249]]
route, [[14.5599726,121.0164549],[14.5600245,121.0163962],[14.5609429,121.0156724],[14.5612217,121.0156069],[14.5613859,121.0155753],[14.5613587,121.0154025],[14.5612957,121.0150951],[14.5610289,121.0140438],[14.560028,121.0118115],[14.5599851,121.0117298],[14.5598551,121.0118057],[14.5593195,121.0120959],[14.5583307,121.0100945],[14.5576609,121.0103877]]
route, [[14.5703282,121.0221739],[14.5703995,121.0219656],[14.5700272,121.0218262],[14.5698741,121.0222623],[14.5680561,121.0215922],[14.5678993,121.022045],[14.5677105,121.0224801],[14.5671194,121.0222709],[14.5666289,121.0235837],[14.5628593,121.0223028],[14.5621841,121.0223612],[14.561936,121.0200597],[14.5619246,121.0199593],[14.5618127,121.0200194],[14.5611886,121.0200946],[14.5611321,121.0196576],[14.5601331,121.0206615],[14.5598056,121.0204458],[14.5600265,121.020104],[14.5596396,121.0198391],[14.5592921,121.0196013],[14.5583305,121.018943],[14.5599726,121.0164549]]
route, [[14.5576609,121.0103877],[14.5583307,121.0100945],[14.55888,121.0098416],[14.5598551,121.0118057],[14.5598943,121.0118818],[14.560028,121.0118115],[14.5605611,121.0114606],[14.5614749,121.0110404],[14.561141,121.0103851],[14.5601824,121.0067575],[14.5608845,121.0066169],[14.5616844,121.0087403]]
route, [[14.5517283,121.0162197],[14.551594,121.0183078],[14.5515299,121.0191914],[14.5516772,121.019205],[14.551517,121.0208979],[14.5515803,121.0209029]]
route, [[14.5553967,121.0210945],[14.5558248,121.0204444],[14.5558563,121.0204064],[14.5539132,121.019409],[14.5538941,121.0194905],[14.5536116,121.021437],[14.5515803,121.0209029]]
route, [[14.5599076,121.0315344],[14.5597904,121.0311249],[14.5596997,121.0308077],[14.5596634,121.030634],[14.5571423,121.0330662],[14.5557157,121.0341361],[14.5549682,121.0347207],[14.5547239,121.0344468],[14.5516638,121.0308621],[14.5507006,121.0294883],[14.5503821,121.0297876],[14.5507474,121.0302306],[14.5517853,121.0313943],[14.5534251,121.0333385]]
route, [[14.5541734,121.018285],[14.5540319,121.0188885],[14.5539132,121.019409],[14.5538941,121.0194905],[14.5543271,121.0195598],[14.5547496,121.019768],[14.5551682,121.0199911],[14.5551763,121.0214304],[14.5553967,121.0210945]]
route, [[14.5536116,121.021437],[14.5515803,121.0209029],[14.5517277,121.0192103],[14.5530567,121.0193863],[14.553074,121.0193078],[14.553246,121.0184674],[14.5535609,121.017088],[14.5538279,121.0159577],[14.5533175,121.0160063],[14.5528524,121.0184293]]
