stop, 14.4712073, 121.0122252, #ff9900
stop, 14.4671362, 121.0296183, #ff9900
stop, 14.4662618, 121.0241734, #ff9900
stop, 14.472576, 121.0241724, #ff9900
stop, 14.464242, 121.0145157, #ff9900
stop, 14.4764663, 121.0230206, #ff9900
stop, 14.4803921, 121.0156781, #ff9900
stop, 14.4746858, 121.0200809, #ff9900
stop, 14.4759444, 121.00564, #ff9900
stop, 14.4749239, 121.0249676, #ff9900
stop, 14.4836052, 121.0240185, #ff9900
stop, 14.485675, 121.0102184, #ff9900
stop, 14.4661454, 121.0313927, #ff9900
stop, 14.4724041, 121.0218336, #ff9900
stop, 14.4833972, 121.0105896, #ff9900
stop, 14.4925399, 121.0170344, #ff9900
stop, 14.4806351, 121.0324429, #ff9900
stop, 14.4798581, 121.0154878, #ff9900
stop, 14.4822274, 121.0241697, #ff9900
stop, 14.4798019, 121.0232915, #ff9900
stop, 14.472592, 121.0173444, #ff9900
stop, 14.4830895, 121.0243563, #ff9900
stop, 14.4805372, 121.0282758, #ff9900
stop, 14.4833972, 121.0105896, #ff9900
stop, 14.4842279, 121.0265615, #ff9900
stop, 14.4876751, 121.0209934, #ff9900
stop, 14.4755022, 121.0019432, #ff9900
stop, 14.473839, 121.0186542, #ff9900
stop, 14.4936845, 121.0230787, #ff9900
stop, 14.4712073, 121.0122252, #ff9900
stop, 14.4814805, 121.0327588, #ff9900
stop, 14.473531, 121.023268, #ff9900
stop, 14.4892572, 121.0098857, #ff9900
stop, 14.4749961, 121.0055329, #ff9900
stop, 14.4774458, 121.0241474, #ff9900
stop, 14.4721242, 121.0236298, #ff9900
stop, 14.4887677, 121.0155804, #ff9900
stop, 14.4648353, 121.012653, #ff9900
stop, 14.4898683, 121.0258951, #ff9900
stop, 14.4880432, 121.0120175, #ff9900
stop, 14.4817109, 121.0218531, #ff9900
stop, 14.4866679, 121.0209373, #ff9900
stop, 14.4926749, 121.0074858, #ff9900
stop, 14.490387, 121.0190566, #ff9900
stop, 14.4690036, 121.0302708, #ff9900
stop, 14.4728268, 121.0169244, #ff9900
stop, 14.4833066, 121.0167044, #ff9900
stop, 14.480695, 120.9989215, #ff9900
stop, 14.4783285, 121.019286, #ff9900
stop, 14.4810654, 121.0128117, #ff9900
route, [[14.4712073,121.0122252],[14.4724004,121.0127303],[14.4725278,121.0124751],[14.4696137,121.0102972],[14.4708645,121.0082998],[14.4710625,121.0079847],[14.470969,121.0079061],[14.4685351,121.011818],[14.4679093,121.0130496],[14.4678853,121.0130969],[14.4675044,121.01387],[14.4674228,121.0140295],[14.4667921,121.0153269],[14.4660459,121.0146356],[14.4661341,121.0144913],[14.4653193,121.0134871],[14.4648353,121.012653]]
route, [[14.4810871,120.9986792],[14.480695,120.9989215],[14.480313,120.9979703],[14.4801452,120.9978075],[14.4799575,120.9975086],[14.480776,120.996941],[14.4807232,120.9968676],[14.479404,120.9977454],[14.4767175,120.9995322],[14.4758199,121.0003553],[14.4751143,121.0011642],[14.4744792,121.0020976],[14.4739828,121.0028989],[14.4730967,121.0043918],[14.4726589,121.0051284],[14.472134,121.0060233],[14.4710181,121.0078296],[14.470969,121.0079061],[14.4685351,121.011818],[14.4686547,121.0118835],[14.469258,121.0108817],[14.4725278,121.0124751],[14.4724004,121.0127303],[14.4712073,121.0122252]]
route, [[14.472592,121.0173444],[14.4728268,121.0169244],[14.4717902,121.0163713],[14.4711632,121.0160237],[14.4707913,121.0158253],[14.4692856,121.015028],[14.468892,121.0148039],[14.468495,121.0145858],[14.4680822,121.0143637],[14.4675121,121.0140735],[14.4679912,121.0131397],[14.4681242,121.0129008],[14.4683668,121.0124392],[14.4686547,121.0118835],[14.469258,121.0108817],[14.4725278,121.0124751],[14.4724004,121.0127303],[14.4712073,121.0122252]]
route, [[14.4728268,121.0169244],[14.4717902,121.0163713],[14.4711632,121.0160237],[14.4707913,121.0158253],[14.4692856,121.015028],[14.468892,121.0148039],[14.468495,121.0145858],[14.4680822,121.0143637],[14.4675121,121.0140735],[14.4679912,121.0131397],[14.4681242,121.0129008],[14.4683668,121.0124392],[14.4686547,121.0118835],[14.469258,121.0108817],[14.4725278,121.0124751],[14.4724004,121.0127303],[14.4712073,121.0122252]]
route, [[14.4925399,121.0170344],[14.4925369,121.0163223],[14.4924818,121.0149019],[14.4924921,121.0147114],[14.4929682,121.0147017],[14.4933729,121.0146406],[14.494046,121.0145509],[14.4944298,121.0144553],[14.4948336,121.0142913],[14.4951942,121.0141329],[14.4954947,121.0139511],[14.495852,121.0137908],[14.4962133,121.0136781],[14.496636,121.0135956],[14.4976639,121.013101],[14.4980948,121.0128573],[14.4994923,121.0113681],[14.4996829,121.0109044],[14.4997395,121.0104504],[14.4999802,121.0086932],[14.5004253,121.0081223],[14.5005033,121.0080063],[14.4989514,121.0052479],[14.4987196,121.0050788],[14.4961543,121.0002343],[14.4949337,120.997984],[14.4922319,120.996143],[14.4918687,120.9962448],[14.486344,120.9950194],[14.4834686,120.9920067],[14.4802527,120.9870243],[14.480175,120.9871315],[14.4833673,120.9920482],[14.4843286,120.9930111],[14.4848229,120.993335],[14.4828641,120.9953688],[14.4819661,120.9960158],[14.4807232,120.9968676],[14.479404,120.9977454],[14.4767175,120.9995322],[14.4758199,121.0003553],[14.4751143,121.0011642],[14.4744792,121.0020976],[14.4739828,121.0028989],[14.4730967,121.0043918],[14.4726589,121.0051284],[14.472134,121.0060233],[14.4710181,121.0078296],[14.470969,121.0079061],[14.4685351,121.011818],[14.4686547,121.0118835],[14.469258,121.0108817],[14.4725278,121.0124751],[14.4724004,121.0127303],[14.4712073,121.0122252]]
route, [[14.4662618,121.0241734],[14.4658656,121.0240685],[14.4656077,121.0239976],[14.4654521,121.0239547],[14.4652662,121.0239036],[14.4631769,121.0232023],[14.4630931,121.023118],[14.4623487,121.0246286],[14.4619862,121.0253642],[14.4619516,121.0254345],[14.4608218,121.0277136],[14.4609269,121.0277579],[14.4614523,121.0279579],[14.4616013,121.0280016],[14.4631856,121.0282096],[14.4636144,121.0282448],[14.4635168,121.0286854],[14.4649655,121.0292896],[14.4652381,121.0294293],[14.4655681,121.0295533],[14.4664845,121.0298578],[14.4671657,121.0299607],[14.4671362,121.0296183]]
route, [[14.4671362,121.0296183],[14.4671657,121.0299607],[14.4664845,121.0298578],[14.4655681,121.0295533],[14.4652381,121.0294293],[14.4649655,121.0292896],[14.4635168,121.0286854],[14.4636144,121.0282448],[14.4631856,121.0282096],[14.4616013,121.0280016],[14.4614523,121.0279579],[14.4609269,121.0277579],[14.461195,121.0272142],[14.4613802,121.0268386],[14.4616987,121.0261931],[14.4620694,121.0254417],[14.4620837,121.0254129],[14.462447,121.0246764],[14.4631769,121.0232023],[14.4648298,121.0198109],[14.4652277,121.0199577],[14.4657696,121.0201575],[14.4663244,121.0210486],[14.4672076,121.0213492],[14.4686672,121.0218461],[14.4688862,121.0211907],[14.4703291,121.0216908],[14.4713091,121.0220365],[14.4711276,121.0225881],[14.472592,121.0231059],[14.4721242,121.0236298],[14.472576,121.0241724]]
route, [[14.4671362,121.0296183],[14.4671657,121.0299607],[14.4664845,121.0298578],[14.4655681,121.0295533],[14.4652381,121.0294293],[14.4649655,121.0292896],[14.4635168,121.0286854],[14.4636144,121.0282448],[14.4631856,121.0282096],[14.4616013,121.0280016],[14.4614523,121.0279579],[14.4609269,121.0277579],[14.461195,121.0272142],[14.4613802,121.0268386],[14.4616987,121.0261931],[14.4620694,121.0254417],[14.4620837,121.0254129],[14.462447,121.0246764],[14.4631769,121.0232023],[14.4648298,121.0198109],[14.4657451,121.0178145],[14.4659266,121.0174188],[14.4664616,121.0162914],[14.4668907,121.0153923],[14.4667921,121.0153269],[14.4660459,121.0146356],[14.4658963,121.0148358],[14.4649971,121.014633],[14.4644997,121.0143219],[14.464242,121.0145157]]
route, [[14.4671362,121.0296183],[14.4671657,121.0299607],[14.4664845,121.0298578],[14.4655681,121.0295533],[14.4652381,121.0294293],[14.4649655,121.0292896],[14.4635168,121.0286854],[14.4636144,121.0282448],[14.4631856,121.0282096],[14.4616013,121.0280016],[14.4614523,121.0279579],[14.4609269,121.0277579],[14.461195,121.0272142],[14.4613802,121.0268386],[14.4616987,121.0261931],[14.4620694,121.0254417],[14.4620837,121.0254129],[14.462447,121.0246764],[14.4631769,121.0232023],[14.4648298,121.0198109],[14.4657451,121.0178145],[14.4659266,121.0174188],[14.4664616,121.0162914],[14.4668907,121.0153923],[14.4675121,121.0140735],[14.4679912,121.0131397],[14.4681242,121.0129008],[14.4683668,121.0124392],[14.4686547,121.0118835],[14.469258,121.0108817],[14.4696137,121.0102972],[14.4708645,121.0082998],[14.4710625,121.0079847],[14.4722236,121.006085],[14.4726824,121.0053169],[14.4730628,121.0046678],[14.4732551,121.0043191],[14.4734538,121.0040185],[14.4735784,121.0038168],[14.4752063,121.0012587],[14.4755464,121.0008661],[14.4760409,121.0014474],[14.4757443,121.0016976],[14.4755022,121.0019432]]
route, [[14.4671362,121.0296183],[14.4671657,121.0299607],[14.4664845,121.0298578],[14.4655681,121.0295533],[14.4652381,121.0294293],[14.4649655,121.0292896],[14.4635168,121.0286854],[14.4636144,121.0282448],[14.4631856,121.0282096],[14.4616013,121.0280016],[14.4614523,121.0279579],[14.4609269,121.0277579],[14.461195,121.0272142],[14.4613802,121.0268386],[14.4616987,121.0261931],[14.4620694,121.0254417],[14.4620837,121.0254129],[14.462447,121.0246764],[14.4631769,121.0232023],[14.4648298,121.0198109],[14.4652277,121.0199577],[14.4657696,121.0201575],[14.4662472,121.02027],[14.4667586,121.0204505],[14.4674295,121.0206833],[14.4688862,121.0211907],[14.4703291,121.0216908],[14.4713091,121.0220365],[14.4711276,121.0225881],[14.472592,121.0231059],[14.4721242,121.0236298],[14.472576,121.0241724],[14.4734046,121.024766],[14.4738666,121.0249537],[14.4744276,121.0247411],[14.4749239,121.0249676],[14.4753423,121.025127],[14.4757678,121.0252966],[14.4763043,121.0255007],[14.4762147,121.02574],[14.4758913,121.0272],[14.4781133,121.0282926],[14.4781726,121.0280927],[14.4786121,121.0281698],[14.4788008,121.0274531],[14.4789463,121.0286797],[14.4805427,121.0286866]]
route, [[14.472576,121.0241724],[14.4721242,121.0236298],[14.4714924,121.0241436],[14.4704699,121.0245141],[14.4695723,121.0240197],[14.468994,121.0238119],[14.4684557,121.0236257],[14.4677555,121.0233835],[14.4674993,121.0237832],[14.4670636,121.0244623],[14.466852,121.0243529],[14.466394,121.024214],[14.4662618,121.0241734]]
route, [[14.4648353,121.012653],[14.4653193,121.0134871],[14.4661341,121.0144913],[14.4660459,121.0146356],[14.4667921,121.0153269],[14.465676,121.0176429],[14.4655889,121.0178206],[14.4651436,121.0188393],[14.4647283,121.0197572],[14.4646062,121.0200106],[14.4630931,121.023118],[14.4631769,121.0232023],[14.4652662,121.0239036],[14.4654521,121.0239547],[14.4656077,121.0239976],[14.4658656,121.0240685],[14.4662618,121.0241734]]
route, [[14.4661454,121.0313927],[14.4653725,121.0314724],[14.4649474,121.03153],[14.464488,121.0315458],[14.4635784,121.031726],[14.4633239,121.0316564],[14.4627862,121.0315059],[14.4632286,121.0302758],[14.4628668,121.0300282],[14.4624705,121.0297444],[14.4627006,121.0293765],[14.4614523,121.0279579],[14.4609269,121.0277579],[14.461195,121.0272142],[14.4613802,121.0268386],[14.4616987,121.0261931],[14.4620694,121.0254417],[14.4620837,121.0254129],[14.462447,121.0246764],[14.4631769,121.0232023],[14.4652662,121.0239036],[14.4654521,121.0239547],[14.4656077,121.0239976],[14.4658656,121.0240685],[14.4662618,121.0241734]]
route, [[14.4783285,121.019286],[14.478188,121.0196578],[14.4787256,121.0198644],[14.4785286,121.0211644],[14.4788915,121.021418],[14.4779687,121.0229075],[14.4774458,121.0241474],[14.4773241,121.0244824],[14.4772215,121.0247648],[14.4771216,121.02504],[14.4769655,121.0253426],[14.4764495,121.0250883],[14.4763043,121.0255007],[14.4757678,121.0252966],[14.4753423,121.025127],[14.4749239,121.0249676],[14.4744276,121.0247411],[14.4738666,121.0249537],[14.4734046,121.024766],[14.472576,121.0241724],[14.4721242,121.0236298],[14.4714924,121.0241436],[14.4704699,121.0245141],[14.4695723,121.0240197],[14.468994,121.0238119],[14.4684557,121.0236257],[14.4677555,121.0233835],[14.4674993,121.0237832],[14.4670636,121.0244623],[14.466852,121.0243529],[14.466394,121.024214],[14.4662618,121.0241734]]
route, [[14.4721242,121.0236298],[14.4714924,121.0241436],[14.4704699,121.0245141],[14.4695723,121.0240197],[14.468994,121.0238119],[14.4684557,121.0236257],[14.4677555,121.0233835],[14.4674993,121.0237832],[14.4670636,121.0244623],[14.466852,121.0243529],[14.466394,121.024214],[14.4662618,121.0241734]]
route, [[14.4662618,121.0241734],[14.4658656,121.0240685],[14.4656077,121.0239976],[14.4654521,121.0239547],[14.4652662,121.0239036],[14.4631769,121.0232023],[14.4648298,121.0198109],[14.4657451,121.0178145],[14.4659266,121.0174188],[14.4664616,121.0162914],[14.4668907,121.0153923],[14.4675121,121.0140735],[14.4679912,121.0131397],[14.4681242,121.0129008],[14.4683668,121.0124392],[14.4686547,121.0118835],[14.469258,121.0108817],[14.4696137,121.0102972],[14.4708645,121.0082998],[14.4710625,121.0079847],[14.4722236,121.006085],[14.4726824,121.0053169],[14.4730628,121.0046678],[14.4732551,121.0043191],[14.4734538,121.0040185],[14.4735784,121.0038168],[14.4752063,121.0012587],[14.4755464,121.0008661],[14.4760409,121.0014474],[14.4757443,121.0016976],[14.4755022,121.0019432]]
route, [[14.473531,121.023268],[14.474052,121.0221864],[14.4747614,121.0211777],[14.4764663,121.0230206],[14.476058,121.0243783],[14.4766464,121.0246137],[14.4764495,121.0250883],[14.4763043,121.0255007],[14.4757678,121.0252966],[14.4753423,121.025127],[14.4749239,121.0249676],[14.4744276,121.0247411],[14.4738666,121.0249537],[14.4734046,121.024766],[14.472576,121.0241724],[14.4721242,121.0236298],[14.4714924,121.0241436],[14.4704699,121.0245141],[14.4695723,121.0240197],[14.468994,121.0238119],[14.4684557,121.0236257],[14.4677555,121.0233835],[14.4674993,121.0237832],[14.4670636,121.0244623],[14.466852,121.0243529],[14.466394,121.024214],[14.4662618,121.0241734]]
route, [[14.4764663,121.0230206],[14.476058,121.0243783],[14.4766464,121.0246137],[14.4764495,121.0250883],[14.4763043,121.0255007],[14.4757678,121.0252966],[14.4753423,121.025127],[14.4749239,121.0249676],[14.4744276,121.0247411],[14.4738666,121.0249537],[14.4734046,121.024766],[14.472576,121.0241724]]
route, [[14.4764663,121.0230206],[14.476058,121.0243783],[14.4766464,121.0246137],[14.4764495,121.0250883],[14.4769655,121.0253426],[14.4771216,121.02504],[14.4772215,121.0247648],[14.4773241,121.0244824],[14.4774458,121.0241474],[14.4779687,121.0229075],[14.4788915,121.021418],[14.4785286,121.0211644],[14.4792934,121.0199007],[14.4811177,121.0206119],[14.4816114,121.0197045],[14.4823988,121.0184568],[14.4827977,121.0184654],[14.4828143,121.0197529],[14.4822601,121.0215466],[14.4817109,121.0218531]]
route, [[14.4746858,121.0200809],[14.4755746,121.0183906],[14.4751291,121.0181529],[14.4747558,121.0179537],[14.4743297,121.0177263],[14.4728268,121.0169244],[14.4717902,121.0163713],[14.4713448,121.0172425],[14.4710499,121.0178413],[14.4712045,121.0190147],[14.471065,121.0195099],[14.4708995,121.0200095],[14.4706843,121.0206059],[14.4705154,121.0211646],[14.4703291,121.0216908],[14.4713091,121.0220365],[14.4711276,121.0225881],[14.472592,121.0231059],[14.4721242,121.0236298],[14.472576,121.0241724],[14.4734046,121.024766],[14.4738666,121.0249537],[14.4744276,121.0247411],[14.4749239,121.0249676],[14.4753423,121.025127],[14.4757678,121.0252966],[14.4763043,121.0255007],[14.4764495,121.0250883],[14.4766464,121.0246137],[14.476058,121.0243783],[14.4764663,121.0230206]]
route, [[14.4783285,121.019286],[14.478188,121.0196578],[14.4787256,121.0198644],[14.4792934,121.0199007],[14.4811177,121.0206119],[14.4816114,121.0197045],[14.4823988,121.0184568],[14.4827977,121.0184654],[14.4833066,121.0167044],[14.4803921,121.0156781]]
route, [[14.4803921,121.0156781],[14.4798581,121.0154878],[14.4804297,121.0142477],[14.4806998,121.0137472],[14.4809836,121.0133],[14.4810654,121.0128117]]
route, [[14.4803921,121.0156781],[14.4833066,121.0167044],[14.4827977,121.0184654],[14.4823988,121.0184568],[14.4816114,121.0197045],[14.4811177,121.0206119],[14.4792934,121.0199007],[14.4785286,121.0211644],[14.4788915,121.021418],[14.4779687,121.0229075],[14.4774458,121.0241474],[14.4773241,121.0244824],[14.4772215,121.0247648],[14.4771216,121.02504],[14.4769655,121.0253426],[14.4764495,121.0250883],[14.4763043,121.0255007],[14.4757678,121.0252966],[14.4753423,121.025127],[14.4749239,121.0249676],[14.4744276,121.0247411],[14.4738666,121.0249537],[14.4734046,121.024766],[14.472576,121.0241724],[14.4721242,121.0236298],[14.472592,121.0231059],[14.4711276,121.0225881],[14.4713091,121.0220365],[14.4703291,121.0216908],[14.4705154,121.0211646],[14.4706843,121.0206059],[14.4708995,121.0200095],[14.471065,121.0195099],[14.4712045,121.0190147],[14.4710499,121.0178413],[14.4713448,121.0172425],[14.4717902,121.0163713],[14.4728268,121.0169244],[14.472592,121.0173444],[14.4723347,121.0178045],[14.473839,121.0186542]]
route, [[14.4810871,120.9986792],[14.480695,120.9989215],[14.480313,120.9979703],[14.4801452,120.9978075],[14.4799575,120.9975086],[14.480776,120.996941],[14.4820195,120.9960939],[14.4829322,120.9954676],[14.4847352,120.9940899],[14.4852528,120.9937245],[14.4855134,120.9939147],[14.4862302,120.9950296],[14.491477,120.9969299],[14.4919663,120.9963143],[14.4948432,120.9980291],[14.4961543,121.0002343],[14.4987196,121.0050788],[14.5004253,121.0081223],[14.4999802,121.0086932],[14.4997395,121.0104504],[14.4996829,121.0109044],[14.4994923,121.0113681],[14.4980948,121.0128573],[14.4976639,121.013101],[14.496636,121.0135956],[14.4962133,121.0136781],[14.495852,121.0137908],[14.4954947,121.0139511],[14.4951942,121.0141329],[14.4948336,121.0142913],[14.4944298,121.0144553],[14.494046,121.0145509],[14.4933729,121.0146406],[14.4929682,121.0147017],[14.4924921,121.0147114],[14.4924471,121.014711],[14.4918955,121.0147153],[14.4909382,121.0172248],[14.4905046,121.0179251],[14.489695,121.018779],[14.4895652,121.019088],[14.4882325,121.0206884],[14.4878526,121.0208963],[14.4876751,121.0209934],[14.4870193,121.0213665],[14.4866779,121.0214483],[14.4862478,121.02164],[14.4858002,121.0218547],[14.4853239,121.0220954],[14.4851162,121.0182446],[14.4846793,121.0182471],[14.4847235,121.0177331],[14.4842599,121.0177235],[14.4835947,121.0200297],[14.4831346,121.0198665],[14.483831,121.0155276],[14.4833066,121.0167044],[14.4803921,121.0156781]]
route, [[14.4783285,121.019286],[14.478188,121.0196578],[14.4787256,121.0198644],[14.4785286,121.0211644],[14.4788915,121.021418],[14.4779687,121.0229075],[14.4774458,121.0241474],[14.4773241,121.0244824],[14.4772215,121.0247648],[14.4771216,121.02504],[14.4769655,121.0253426],[14.4764495,121.0250883],[14.4763043,121.0255007],[14.4757678,121.0252966],[14.4753423,121.025127],[14.4749239,121.0249676],[14.4744276,121.0247411],[14.4738666,121.0249537],[14.4734046,121.024766],[14.472576,121.0241724],[14.4721242,121.0236298],[14.472592,121.0231059],[14.4711276,121.0225881],[14.4713091,121.0220365],[14.4703291,121.0216908],[14.4705154,121.0211646],[14.4706843,121.0206059],[14.4708995,121.0200095],[14.471065,121.0195099],[14.4712045,121.0190147],[14.4710499,121.0178413],[14.4713448,121.0172425],[14.4717902,121.0163713],[14.4728268,121.0169244],[14.4743297,121.0177263],[14.4747558,121.0179537],[14.4751291,121.0181529],[14.4755746,121.0183906],[14.4746858,121.0200809]]
route, [[14.4746858,121.0200809],[14.4755746,121.0183906],[14.4751291,121.0181529],[14.4747558,121.0179537],[14.4743297,121.0177263],[14.4728268,121.0169244],[14.4717902,121.0163713],[14.4713448,121.0172425],[14.4710499,121.0178413],[14.4712045,121.0190147],[14.471065,121.0195099],[14.4708995,121.0200095],[14.4706843,121.0206059],[14.4705154,121.0211646],[14.4703291,121.0216908],[14.4713091,121.0220365],[14.4711276,121.0225881],[14.472592,121.0231059],[14.4721242,121.0236298]]
route, [[14.472592,121.0173444],[14.4723347,121.0178045],[14.4735236,121.0194773],[14.473859,121.0196515],[14.4742475,121.0198533],[14.4746858,121.0200809]]
route, [[14.4728268,121.0169244],[14.4743297,121.0177263],[14.4747558,121.0179537],[14.4751291,121.0181529],[14.4755746,121.0183906],[14.4746858,121.0200809]]
route, [[14.4759444,121.00564],[14.4749961,121.0055329]]
route, [[14.4833972,121.0105896],[14.4838205,121.0113352],[14.4827184,121.0133431],[14.4817463,121.014352],[14.4814932,121.0148581],[14.4809247,121.014537],[14.4803921,121.0156781],[14.4833066,121.0167044],[14.4827977,121.0184654],[14.4823988,121.0184568],[14.4816114,121.0197045],[14.4811177,121.0206119],[14.4792934,121.0199007],[14.4785286,121.0211644],[14.4788915,121.021418],[14.4779687,121.0229075],[14.4774458,121.0241474],[14.4773241,121.0244824],[14.4772215,121.0247648],[14.4771216,121.02504],[14.4769655,121.0253426],[14.4764495,121.0250883],[14.4763043,121.0255007],[14.4757678,121.0252966],[14.4753423,121.025127],[14.4749239,121.0249676],[14.4744276,121.0247411],[14.4738666,121.0249537],[14.4734046,121.024766],[14.472576,121.0241724],[14.4721242,121.0236298],[14.472592,121.0231059],[14.4711276,121.0225881],[14.4713091,121.0220365],[14.4703291,121.0216908],[14.4688862,121.0211907],[14.4686672,121.0218461],[14.4672076,121.0213492],[14.4663244,121.0210486],[14.4657696,121.0201575],[14.4652277,121.0199577],[14.4662113,121.0179544],[14.4659266,121.0174188],[14.4664616,121.0162914],[14.4668907,121.0153923],[14.4675121,121.0140735],[14.4679912,121.0131397],[14.4681242,121.0129008],[14.4683668,121.0124392],[14.4686547,121.0118835],[14.469258,121.0108817],[14.4696137,121.0102972],[14.4708645,121.0082998],[14.4710625,121.0079847],[14.4722236,121.006085],[14.4726824,121.0053169],[14.4749961,121.0055329],[14.4759444,121.00564]]
route, [[14.4809026,121.0325373],[14.4806351,121.0324429],[14.4806738,121.0309329],[14.4806655,121.0304407],[14.4805622,121.0299581],[14.4805532,121.0294833],[14.4781655,121.0297153],[14.4782812,121.0293033],[14.4786121,121.0281698],[14.4781726,121.0280927],[14.4781133,121.0282926],[14.4758913,121.0272],[14.4762147,121.02574],[14.4763043,121.0255007],[14.4757678,121.0252966],[14.4753423,121.025127],[14.4749239,121.0249676]]
route, [[14.4773241,121.0244824],[14.4772215,121.0247648],[14.4771216,121.02504],[14.4769655,121.0253426],[14.4764495,121.0250883],[14.4763043,121.0255007],[14.4757678,121.0252966],[14.4753423,121.025127],[14.4749239,121.0249676]]
route, [[14.4749239,121.0249676],[14.4744276,121.0247411],[14.4738666,121.0249537],[14.4734046,121.024766],[14.472576,121.0241724],[14.4721242,121.0236298],[14.472592,121.0231059],[14.4722273,121.0223639],[14.4724041,121.0218336]]
route, [[14.4836052,121.0240185],[14.4842001,121.0241126],[14.4841078,121.0246199],[14.4858238,121.0247293],[14.4863707,121.0247285],[14.4858002,121.0218547],[14.4856225,121.0182909],[14.4861589,121.0184571],[14.4861599,121.0189439],[14.4861605,121.0194041],[14.4866679,121.0209373]]
route, [[14.485675,121.0102184],[14.4860304,121.0104917],[14.4863509,121.0106765],[14.4871317,121.0098879],[14.4879386,121.0090677],[14.4892572,121.0098857]]
route, [[14.485675,121.0102184],[14.4860304,121.0104917],[14.4854719,121.0116909],[14.4854917,121.0127464],[14.4850208,121.0141427],[14.485551,121.0143943],[14.4847084,121.0172438],[14.4847235,121.0177331],[14.4842599,121.0177235],[14.4835947,121.0200297],[14.4831346,121.0198665],[14.483831,121.0155276],[14.4833066,121.0167044],[14.4803921,121.0156781],[14.4809247,121.014537],[14.4804297,121.0142477],[14.4806998,121.0137472],[14.4809836,121.0133],[14.4810654,121.0128117]]
route, [[14.4810871,120.9986792],[14.480695,120.9989215],[14.480313,120.9979703],[14.4801452,120.9978075],[14.4799575,120.9975086],[14.480776,120.996941],[14.4820195,120.9960939],[14.4829322,120.9954676],[14.4847352,120.9940899],[14.4852528,120.9937245],[14.4855134,120.9939147],[14.4862302,120.9950296],[14.491477,120.9969299],[14.4919663,120.9963143],[14.4948432,120.9980291],[14.4961543,121.0002343],[14.4987196,121.0050788],[14.5004253,121.0081223],[14.4999802,121.0086932],[14.4997395,121.0104504],[14.4996829,121.0109044],[14.4994923,121.0113681],[14.4980948,121.0128573],[14.4976639,121.013101],[14.496636,121.0135956],[14.4962133,121.0136781],[14.495852,121.0137908],[14.4954947,121.0139511],[14.4951942,121.0141329],[14.4948336,121.0142913],[14.4944298,121.0144553],[14.494046,121.0145509],[14.4933729,121.0146406],[14.4929682,121.0147017],[14.4924921,121.0147114],[14.4924471,121.014711],[14.4918955,121.0147153],[14.4913178,121.0147257],[14.4909662,121.0147287],[14.4899632,121.0147171],[14.4894987,121.0146524],[14.4893322,121.0143215],[14.4902295,121.0119713],[14.490645,121.0101861],[14.4892572,121.0098857],[14.4879386,121.0090677],[14.4871317,121.0098879],[14.4863509,121.0106765],[14.4860304,121.0104917],[14.485675,121.0102184]]
route, [[14.4690036,121.0302708],[14.4690844,121.0298481],[14.4688243,121.0298114],[14.4680377,121.0298507],[14.4672575,121.0299522],[14.4655681,121.0295533],[14.4652381,121.0294293],[14.4649655,121.0292896],[14.4635168,121.0286854],[14.463394,121.0290802],[14.463211,121.0294319],[14.4636222,121.0296144],[14.4633162,121.0303359],[14.4632286,121.0302758],[14.4627862,121.0315059],[14.4633239,121.0316564],[14.4635784,121.031726],[14.464488,121.0315458],[14.4649474,121.03153],[14.4653725,121.0314724],[14.4661454,121.0313927]]
route, [[14.4724041,121.0218336],[14.4714862,121.0215034],[14.4710547,121.0213517],[14.4705154,121.0211646],[14.4706843,121.0206059],[14.4708995,121.0200095],[14.471065,121.0195099],[14.4712045,121.0190147],[14.4710499,121.0178413],[14.4713448,121.0172425],[14.4717902,121.0163713],[14.4728268,121.0169244],[14.472592,121.0173444]]
route, [[14.4833972,121.0105896],[14.4838205,121.0113352],[14.4827184,121.0133431],[14.4817463,121.014352],[14.4813728,121.0141286],[14.4815865,121.0137609],[14.4809836,121.0133],[14.4810654,121.0128117]]
route, [[14.4936845,121.0230787],[14.4938095,121.0242577],[14.4928604,121.0243151],[14.4925788,121.0244513],[14.4922952,121.0244427],[14.4920293,121.0244345],[14.491772,121.0244267],[14.4914605,121.0243389],[14.4911982,121.024265],[14.4905338,121.0237512],[14.4900684,121.0235083],[14.4899265,121.0221203],[14.4895194,121.0219724],[14.4884294,121.0234846],[14.4879929,121.0233688],[14.4882124,121.0226575],[14.4885652,121.0215921],[14.4882325,121.0206884],[14.4895652,121.019088],[14.489695,121.018779],[14.4905046,121.0179251],[14.4909382,121.0172248],[14.4918955,121.0147153],[14.4924471,121.014711],[14.4924921,121.0147114],[14.4924818,121.0149019],[14.4925369,121.0163223],[14.4925399,121.0170344]]
route, [[14.4926749,121.0074858],[14.4926805,121.0080849],[14.492658,121.0085822],[14.4924062,121.0085395],[14.4923836,121.009444],[14.4924629,121.0111736],[14.492485,121.0115202],[14.4920713,121.0115218],[14.4919585,121.0130092],[14.4918955,121.0147153],[14.4924471,121.014711],[14.4924921,121.0147114],[14.4924818,121.0149019],[14.4925369,121.0163223],[14.4925399,121.0170344]]
route, [[14.4887677,121.0155804],[14.4894662,121.0148709],[14.4894987,121.0146524],[14.4899632,121.0147171],[14.4909662,121.0147287],[14.4913178,121.0147257],[14.4918955,121.0147153],[14.4924471,121.014711],[14.4924921,121.0147114],[14.4924818,121.0149019],[14.4925369,121.0163223],[14.4925399,121.0170344]]
route, [[14.4809026,121.0325373],[14.4806351,121.0324429],[14.4806738,121.0309329],[14.4806655,121.0304407],[14.4805622,121.0299581],[14.4839021,121.0313579],[14.4843963,121.0315078],[14.4848761,121.0298445],[14.4867292,121.0273007],[14.4860397,121.0268783],[14.4842279,121.0265615]]
route, [[14.4809026,121.0325373],[14.4806351,121.0324429],[14.4806738,121.0309329],[14.4806655,121.0304407],[14.4805622,121.0299581],[14.4805532,121.0294833],[14.4805476,121.0290566],[14.4805427,121.0286866],[14.4789463,121.0286797],[14.4788008,121.0274531],[14.4789642,121.0268711],[14.4794648,121.0250886],[14.4785611,121.0245814],[14.4774458,121.0241474],[14.4773241,121.0244824]]
route, [[14.4809026,121.0325373],[14.4810364,121.0325832],[14.4814805,121.0327588],[14.4813633,121.0333299],[14.481301,121.0336625],[14.4825488,121.0347295],[14.4831429,121.0349614],[14.4828347,121.0358079],[14.4824183,121.0369628],[14.4845354,121.0381193],[14.4846061,121.0383708],[14.4852376,121.038223],[14.4862103,121.0351756],[14.4872196,121.0335875],[14.4876837,121.0339899],[14.488548,121.0329502],[14.4888661,121.0325741],[14.4898176,121.032584],[14.490115,121.0323564],[14.4913864,121.0327169],[14.4924783,121.0284693],[14.491877,121.027886],[14.491057,121.0278939],[14.48986,121.0276968],[14.4898925,121.0273033],[14.4899368,121.0272648],[14.4899285,121.02684],[14.4899003,121.0264655],[14.4898852,121.0261857],[14.4898683,121.0258951],[14.4898135,121.0252119]]
route, [[14.4805427,121.0286866],[14.4805476,121.0290566],[14.4805532,121.0294833],[14.4805622,121.0299581],[14.4806655,121.0304407],[14.4806738,121.0309329],[14.4806351,121.0324429],[14.4809026,121.0325373]]
route, [[14.4773241,121.0244824],[14.4774458,121.0241474],[14.4779687,121.0229075],[14.4788915,121.021418],[14.4785286,121.0211644],[14.4792934,121.0199007],[14.4811177,121.0206119],[14.4816114,121.0197045],[14.4823988,121.0184568],[14.4827977,121.0184654],[14.4828143,121.0197529],[14.4831346,121.0198665],[14.4835947,121.0200297],[14.4834858,121.0205092],[14.4833827,121.0209633],[14.4832769,121.0214293],[14.4831577,121.0219542],[14.4830879,121.0224697],[14.4829028,121.0229485],[14.4822274,121.0241697]]
route, [[14.4822274,121.0241697],[14.4826716,121.0242659],[14.4830895,121.0243563],[14.4836052,121.0240185],[14.4842001,121.0241126],[14.4841078,121.0246199],[14.4840617,121.0249355],[14.4840524,121.0250555],[14.4841095,121.0256135],[14.4841795,121.0259599],[14.4842279,121.0265615],[14.4832297,121.0264747],[14.4827886,121.0264405],[14.4822483,121.0264217],[14.4822431,121.0277008],[14.4805372,121.0282758],[14.4805427,121.0286866]]
route, [[14.4817109,121.0218531],[14.4822601,121.0215466],[14.4828143,121.0197529],[14.4831346,121.0198665],[14.4835947,121.0200297],[14.4834858,121.0205092],[14.4833827,121.0209633],[14.4832769,121.0214293],[14.4831577,121.0219542],[14.4830879,121.0224697],[14.4829028,121.0229485],[14.4822274,121.0241697],[14.4817672,121.0240701],[14.4814227,121.0234763],[14.4809854,121.0233109],[14.4798019,121.0232915],[14.4796345,121.02366]]
route, [[14.4796345,121.02366],[14.4798019,121.0232915],[14.4809854,121.0233109],[14.4814227,121.0234763],[14.4817672,121.0240701],[14.4822274,121.0241697],[14.4829028,121.0229485],[14.4830879,121.0224697],[14.4831577,121.0219542],[14.4832769,121.0214293],[14.4833827,121.0209633],[14.4834858,121.0205092],[14.4835947,121.0200297],[14.4831346,121.0198665],[14.4828143,121.0197529],[14.4827977,121.0184654],[14.4823988,121.0184568],[14.4816114,121.0197045],[14.4811177,121.0206119],[14.4792934,121.0199007],[14.4787256,121.0198644],[14.478188,121.0196578],[14.4783285,121.019286]]
route, [[14.472592,121.0173444],[14.4728268,121.0169244],[14.4717902,121.0163713],[14.4713448,121.0172425],[14.4710499,121.0178413],[14.4712045,121.0190147],[14.471065,121.0195099],[14.4708995,121.0200095],[14.4706843,121.0206059],[14.4705154,121.0211646],[14.4703291,121.0216908],[14.4713091,121.0220365],[14.4711276,121.0225881],[14.472592,121.0231059],[14.4721242,121.0236298],[14.472576,121.0241724],[14.4734046,121.024766],[14.4738666,121.0249537],[14.4744276,121.0247411],[14.4749239,121.0249676],[14.4753423,121.025127],[14.4757678,121.0252966],[14.4763043,121.0255007],[14.4764495,121.0250883],[14.4769655,121.0253426],[14.4771216,121.02504],[14.4772215,121.0247648],[14.4773241,121.0244824],[14.4774458,121.0241474],[14.4779687,121.0229075],[14.4788915,121.021418],[14.4785286,121.0211644],[14.4787256,121.0198644],[14.478188,121.0196578],[14.4783285,121.019286]]
route, [[14.4817109,121.0218531],[14.4822601,121.0215466],[14.4828143,121.0197529],[14.4831346,121.0198665],[14.4835947,121.0200297],[14.4834858,121.0205092],[14.4833827,121.0209633],[14.4832769,121.0214293],[14.4831577,121.0219542],[14.4830879,121.0224697],[14.4834702,121.0224947],[14.4831407,121.0240707],[14.4830895,121.0243563]]
route, [[14.4830895,121.0243563],[14.4836052,121.0240185],[14.4842001,121.0241126],[14.4841078,121.0246199],[14.4840617,121.0249355],[14.4840524,121.0250555],[14.4841095,121.0256135],[14.4841795,121.0259599],[14.4842279,121.0265615],[14.4832297,121.0264747],[14.4827886,121.0264405],[14.4822483,121.0264217],[14.4822431,121.0277008],[14.4805372,121.0282758],[14.4805427,121.0286866]]
route, [[14.4898135,121.0252119],[14.4898683,121.0258951],[14.4898852,121.0261857],[14.4899003,121.0264655],[14.4899285,121.02684],[14.4899368,121.0272648],[14.4898925,121.0273033],[14.48986,121.0276968],[14.491057,121.0278939],[14.491877,121.027886],[14.4924783,121.0284693],[14.4913864,121.0327169],[14.490115,121.0323564],[14.4898176,121.032584],[14.4888661,121.0325741],[14.488548,121.0329502],[14.4876837,121.0339899],[14.4872196,121.0335875],[14.4862103,121.0351756],[14.485687,121.0350592],[14.4860977,121.0336256],[14.486239,121.0331326],[14.4859287,121.0329527],[14.4854434,121.0326765],[14.485018,121.0316987],[14.4843963,121.0315078],[14.4839021,121.0313579],[14.4805622,121.0299581],[14.4805532,121.0294833],[14.4805476,121.0290566],[14.4805427,121.0286866]]
route, [[14.4842279,121.0265615],[14.4832297,121.0264747],[14.4827886,121.0264405],[14.4822483,121.0264217],[14.4822431,121.0277008],[14.4805372,121.0282758],[14.4805427,121.0286866]]
route, [[14.4842279,121.0265615],[14.4860397,121.0268783],[14.4861716,121.026287],[14.4863707,121.0247285],[14.4858002,121.0218547],[14.4853239,121.0220954],[14.4851162,121.0182446],[14.4846793,121.0182471],[14.4847235,121.0177331],[14.4842599,121.0177235],[14.4835947,121.0200297],[14.4831346,121.0198665],[14.4828143,121.0197529],[14.4822601,121.0215466],[14.4817109,121.0218531]]
route, [[14.4842279,121.0265615],[14.4860397,121.0268783],[14.4867292,121.0273007],[14.487316,121.0260874],[14.4874919,121.0255947],[14.487579,121.0246906],[14.4879929,121.0233688],[14.4884294,121.0234846],[14.4895194,121.0219724],[14.4899265,121.0221203],[14.4900684,121.0235083],[14.4905338,121.0237512],[14.4904461,121.0240097],[14.4920213,121.0248472],[14.4924415,121.0248689],[14.4928273,121.0248987],[14.4928458,121.025448],[14.4924783,121.0284693],[14.491877,121.027886],[14.491057,121.0278939],[14.48986,121.0276968],[14.4898925,121.0273033],[14.4899368,121.0272648],[14.4899285,121.02684],[14.4899003,121.0264655],[14.4898852,121.0261857],[14.4898683,121.0258951],[14.4898135,121.0252119]]
route, [[14.4876751,121.0209934],[14.4878526,121.0208963],[14.4882325,121.0206884],[14.4895652,121.019088],[14.489695,121.018779],[14.4905046,121.0179251],[14.4909382,121.0172248],[14.4918955,121.0147153],[14.4913178,121.0147257],[14.4909662,121.0147287],[14.4899632,121.0147171],[14.4894987,121.0146524],[14.4894662,121.0148709],[14.4887677,121.0155804]]
route, [[14.4898135,121.0252119],[14.4898683,121.0258951],[14.4898852,121.0261857],[14.4899003,121.0264655],[14.4899285,121.02684],[14.4899368,121.0272648],[14.4898925,121.0273033],[14.48986,121.0276968],[14.491057,121.0278939],[14.491877,121.027886],[14.4924783,121.0284693],[14.4928458,121.025448],[14.4928273,121.0248987],[14.4924415,121.0248689],[14.4920213,121.0248472],[14.4904461,121.0240097],[14.4905338,121.0237512],[14.4900684,121.0235083],[14.4893114,121.0239052],[14.4889841,121.0240733],[14.4884294,121.0234846],[14.4879929,121.0233688],[14.4882124,121.0226575],[14.4877483,121.0225006],[14.4876751,121.0209934]]
route, [[14.4755022,121.0019432],[14.4757443,121.0016976],[14.4760409,121.0014474],[14.4755464,121.0008661],[14.4786091,120.9983801],[14.4794649,120.997839],[14.4799575,120.9975086],[14.4801452,120.9978075],[14.480313,120.9979703],[14.480695,120.9989215],[14.4810871,120.9986792]]
route, [[14.4749961,121.0055329],[14.4726824,121.0053169],[14.4730628,121.0046678],[14.4732551,121.0043191],[14.4734538,121.0040185],[14.4735784,121.0038168],[14.4752063,121.0012587],[14.4755464,121.0008661],[14.4760409,121.0014474],[14.4757443,121.0016976],[14.4755022,121.0019432]]
route, [[14.473839,121.0186542],[14.4723347,121.0178045],[14.472592,121.0173444],[14.4728268,121.0169244],[14.4717902,121.0163713],[14.4713448,121.0172425],[14.4710499,121.0178413],[14.4712045,121.0190147],[14.471065,121.0195099],[14.4708995,121.0200095],[14.4706843,121.0206059],[14.4705154,121.0211646],[14.4703291,121.0216908],[14.4713091,121.0220365],[14.4711276,121.0225881],[14.472592,121.0231059],[14.4721242,121.0236298],[14.472576,121.0241724],[14.4734046,121.024766],[14.4738666,121.0249537],[14.4744276,121.0247411],[14.4749239,121.0249676],[14.4753423,121.025127],[14.4757678,121.0252966],[14.4763043,121.0255007],[14.4764495,121.0250883],[14.4766464,121.0246137],[14.476058,121.0243783],[14.4764663,121.0230206],[14.4747614,121.0211777],[14.474052,121.0221864],[14.473531,121.023268]]
route, [[14.4936845,121.0230787],[14.4938095,121.0242577],[14.4928604,121.0243151],[14.4925788,121.0244513],[14.4922952,121.0244427],[14.4920293,121.0244345],[14.491772,121.0244267],[14.4914605,121.0243389],[14.4911982,121.024265],[14.4905338,121.0237512],[14.4904461,121.0240097],[14.4920213,121.0248472],[14.4924415,121.0248689],[14.4928273,121.0248987],[14.4928458,121.025448],[14.4924783,121.0284693],[14.4913864,121.0327169],[14.490115,121.0323564],[14.4898176,121.032584],[14.4888661,121.0325741],[14.491892,121.0380068],[14.4920838,121.0384068],[14.4937648,121.041811],[14.4994673,121.0387899],[14.5004003,121.0382903],[14.5088408,121.0335797],[14.510655,121.0324164],[14.5108495,121.0323004],[14.5109167,121.0322536],[14.5109418,121.0322404],[14.50683,121.0256498],[14.5057907,121.0237872],[14.5005033,121.0080063],[14.4989514,121.0052479],[14.4987196,121.0050788],[14.4961543,121.0002343],[14.4949337,120.997984],[14.4922319,120.996143],[14.4918687,120.9962448],[14.486344,120.9950194],[14.4834686,120.9920067],[14.4802527,120.9870243],[14.480175,120.9871315],[14.4833673,120.9920482],[14.4843286,120.9930111],[14.4848229,120.993335],[14.4828641,120.9953688],[14.4819661,120.9960158],[14.4807232,120.9968676],[14.479404,120.9977454],[14.4794649,120.997839],[14.4799575,120.9975086],[14.4801452,120.9978075],[14.480313,120.9979703],[14.480695,120.9989215],[14.4810871,120.9986792]]
route, [[14.4936845,121.0230787],[14.4938095,121.0242577],[14.4928604,121.0243151],[14.4925788,121.0244513],[14.4922952,121.0244427],[14.4920293,121.0244345],[14.491772,121.0244267],[14.4914605,121.0243389],[14.4911982,121.024265],[14.4905338,121.0237512],[14.4900684,121.0235083],[14.4899265,121.0221203],[14.4895194,121.0219724],[14.4884294,121.0234846],[14.4879929,121.0233688],[14.4882124,121.0226575],[14.4877483,121.0225006],[14.4870644,121.0240318],[14.4870193,121.0213665],[14.4866779,121.0214483],[14.4862478,121.02164],[14.4858002,121.0218547],[14.4853239,121.0220954],[14.4851162,121.0182446],[14.4846793,121.0182471],[14.4847235,121.0177331],[14.4842599,121.0177235],[14.4835947,121.0200297],[14.4831346,121.0198665],[14.483831,121.0155276],[14.4833689,121.015279],[14.4831977,121.0156376],[14.4830102,121.0160583],[14.4828349,121.0164828]]
route, [[14.4898135,121.0252119],[14.4898683,121.0258951],[14.4898852,121.0261857],[14.4899003,121.0264655],[14.4899285,121.02684],[14.4899368,121.0272648],[14.4898925,121.0273033],[14.48986,121.0276968],[14.491057,121.0278939],[14.491877,121.027886],[14.4924783,121.0284693],[14.4928458,121.025448],[14.4928273,121.0248987],[14.4924415,121.0248689],[14.4920213,121.0248472],[14.4904461,121.0240097],[14.4905338,121.0237512],[14.4911982,121.024265],[14.4914605,121.0243389],[14.491772,121.0244267],[14.4920293,121.0244345],[14.4922952,121.0244427],[14.4925788,121.0244513],[14.4928604,121.0243151],[14.4938095,121.0242577],[14.4936845,121.0230787]]
route, [[14.4892572,121.0098857],[14.490645,121.0101861],[14.4902295,121.0119713],[14.4893322,121.0143215],[14.4894987,121.0146524],[14.4899632,121.0147171],[14.4909662,121.0147287],[14.4913178,121.0147257],[14.4918955,121.0147153],[14.4919585,121.0130092],[14.4920713,121.0115218],[14.492485,121.0115202],[14.4924629,121.0111736],[14.4923836,121.009444],[14.4924062,121.0085395],[14.492658,121.0085822],[14.4926805,121.0080849],[14.4926749,121.0074858]]
route, [[14.4648353,121.012653],[14.4653193,121.0134871],[14.4661341,121.0144913],[14.4660459,121.0146356],[14.4667921,121.0153269],[14.4668907,121.0153923],[14.4675121,121.0140735],[14.4679912,121.0131397],[14.4681242,121.0129008],[14.4683668,121.0124392],[14.4686547,121.0118835],[14.469258,121.0108817],[14.4696137,121.0102972],[14.4708645,121.0082998],[14.4710625,121.0079847],[14.4722236,121.006085],[14.4726824,121.0053169],[14.4749961,121.0055329]]
route, [[14.4887677,121.0155804],[14.4892042,121.014764],[14.4886957,121.0145348],[14.4888488,121.0141445],[14.4894087,121.0128746],[14.4880432,121.0120175]]
route, [[14.4817109,121.0218531],[14.4822601,121.0215466],[14.4828143,121.0197529],[14.4831346,121.0198665],[14.4835947,121.0200297],[14.4842599,121.0177235],[14.4847235,121.0177331],[14.4847084,121.0172438],[14.485551,121.0143943],[14.4850208,121.0141427],[14.4854917,121.0127464],[14.4854719,121.0116909],[14.4860304,121.0104917],[14.4863509,121.0106765],[14.4871317,121.0098879],[14.4879386,121.0090677],[14.4892572,121.0098857],[14.490645,121.0101861],[14.4902295,121.0119713],[14.4893322,121.0143215],[14.4894987,121.0146524],[14.4894662,121.0148709],[14.4887677,121.0155804]]
route, [[14.4926749,121.0074858],[14.4926805,121.0080849],[14.492658,121.0085822],[14.4924062,121.0085395],[14.4923836,121.009444],[14.4924629,121.0111736],[14.492485,121.0115202],[14.4920713,121.0115218],[14.4919585,121.0130092],[14.4918955,121.0147153],[14.4913178,121.0147257],[14.4909662,121.0147287],[14.4899632,121.0147171],[14.4894987,121.0146524],[14.4894662,121.0148709],[14.4887677,121.0155804]]
route, [[14.4887677,121.0155804],[14.4894662,121.0148709],[14.4894987,121.0146524],[14.4899632,121.0147171],[14.4909662,121.0147287],[14.4913178,121.0147257],[14.4918955,121.0147153],[14.4909382,121.0172248],[14.4905046,121.0179251],[14.489695,121.018779],[14.490387,121.0190566]]
route, [[14.4866679,121.0209373],[14.4861605,121.0194041],[14.4861599,121.0189439],[14.4861589,121.0184571],[14.4856225,121.0182909],[14.4858002,121.0218547],[14.4862478,121.02164],[14.4866779,121.0214483],[14.4867656,121.02411],[14.4870644,121.0240318],[14.4877483,121.0225006],[14.4882124,121.0226575],[14.4879929,121.0233688],[14.4884294,121.0234846],[14.4895194,121.0219724],[14.4899265,121.0221203],[14.4900684,121.0235083],[14.4905338,121.0237512],[14.4904461,121.0240097],[14.4920213,121.0248472],[14.4924415,121.0248689],[14.4928273,121.0248987],[14.4928458,121.025448],[14.4924783,121.0284693],[14.491877,121.027886],[14.491057,121.0278939],[14.48986,121.0276968],[14.4898925,121.0273033],[14.4899368,121.0272648],[14.4899285,121.02684],[14.4899003,121.0264655],[14.4898852,121.0261857],[14.4898683,121.0258951],[14.4898135,121.0252119]]
route, [[14.4880432,121.0120175],[14.4894087,121.0128746],[14.4888488,121.0141445],[14.4893322,121.0143215],[14.4894987,121.0146524],[14.4899632,121.0147171],[14.4909662,121.0147287],[14.4913178,121.0147257],[14.4918955,121.0147153],[14.4919585,121.0130092],[14.4920713,121.0115218],[14.492485,121.0115202],[14.4924629,121.0111736],[14.4923836,121.009444],[14.4924062,121.0085395],[14.492658,121.0085822],[14.4926805,121.0080849],[14.4926749,121.0074858]]
route, [[14.4866679,121.0209373],[14.4861605,121.0194041],[14.4861599,121.0189439],[14.4861589,121.0184571],[14.4856225,121.0182909],[14.4851162,121.0182446],[14.4846793,121.0182471],[14.4847235,121.0177331],[14.4842599,121.0177235],[14.4835947,121.0200297],[14.4831346,121.0198665],[14.4828143,121.0197529],[14.4822601,121.0215466],[14.4817109,121.0218531]]
route, [[14.4817109,121.0218531],[14.4822601,121.0215466],[14.4828143,121.0197529],[14.4827977,121.0184654],[14.4823988,121.0184568],[14.4816114,121.0197045],[14.4811177,121.0206119],[14.4792934,121.0199007],[14.4785286,121.0211644],[14.4788915,121.021418],[14.4779687,121.0229075],[14.4774458,121.0241474],[14.4773241,121.0244824],[14.4772215,121.0247648],[14.4771216,121.02504],[14.4769655,121.0253426],[14.4764495,121.0250883],[14.4763043,121.0255007],[14.4757678,121.0252966],[14.4753423,121.025127],[14.4749239,121.0249676],[14.4744276,121.0247411],[14.4738666,121.0249537],[14.4734046,121.024766],[14.472576,121.0241724],[14.4721242,121.0236298],[14.472592,121.0231059],[14.4711276,121.0225881],[14.4713091,121.0220365],[14.4703291,121.0216908],[14.4688862,121.0211907],[14.4686672,121.0218461],[14.4672076,121.0213492],[14.4663244,121.0210486],[14.4657696,121.0201575],[14.4652277,121.0199577],[14.4648298,121.0198109],[14.4647283,121.0197572],[14.4646062,121.0200106],[14.4630931,121.023118],[14.4623487,121.0246286],[14.4619862,121.0253642],[14.4619516,121.0254345],[14.4608218,121.0277136],[14.4609269,121.0277579],[14.4614523,121.0279579],[14.4616013,121.0280016],[14.4631856,121.0282096],[14.4636144,121.0282448],[14.4635168,121.0286854],[14.4649655,121.0292896],[14.4652381,121.0294293],[14.4655681,121.0295533],[14.4672575,121.0299522],[14.4680377,121.0298507],[14.4688243,121.0298114],[14.4690844,121.0298481],[14.4690036,121.0302708]]
route, [[14.4817109,121.0218531],[14.4822601,121.0215466],[14.4828143,121.0197529],[14.4827977,121.0184654],[14.4823988,121.0184568],[14.4816114,121.0197045],[14.4811177,121.0206119],[14.4792934,121.0199007],[14.4787256,121.0198644],[14.478188,121.0196578],[14.4783285,121.019286]]
route, [[14.490387,121.0190566],[14.489695,121.018779],[14.4895652,121.019088],[14.4882325,121.0206884],[14.4878526,121.0208963],[14.4876751,121.0209934],[14.4870193,121.0213665],[14.4866779,121.0214483],[14.4862478,121.02164],[14.4858002,121.0218547],[14.4856225,121.0182909],[14.4861589,121.0184571],[14.4861599,121.0189439],[14.4861605,121.0194041],[14.4866679,121.0209373]]
route, [[14.4866679,121.0209373],[14.4861605,121.0194041],[14.4861599,121.0189439],[14.4861589,121.0184571],[14.4856225,121.0182909],[14.4858002,121.0218547],[14.4863707,121.0247285],[14.4861716,121.026287],[14.4860397,121.0268783],[14.4867292,121.0273007],[14.4848761,121.0298445],[14.4843963,121.0315078],[14.485018,121.0316987],[14.4854434,121.0326765],[14.4859287,121.0329527],[14.486239,121.0331326],[14.4860977,121.0336256],[14.485687,121.0350592],[14.4862103,121.0351756],[14.4872196,121.0335875],[14.4876837,121.0339899],[14.488548,121.0329502],[14.4888661,121.0325741],[14.491892,121.0380068],[14.4920838,121.0384068],[14.4937648,121.041811],[14.4994673,121.0387899],[14.5004003,121.0382903],[14.5088408,121.0335797],[14.510655,121.0324164],[14.5108495,121.0323004],[14.5109167,121.0322536],[14.5109418,121.0322404],[14.50683,121.0256498],[14.5057907,121.0237872],[14.5005033,121.0080063],[14.4989514,121.0052479],[14.4987196,121.0050788],[14.4961543,121.0002343],[14.4949337,120.997984],[14.4922319,120.996143],[14.4918687,120.9962448],[14.486344,120.9950194],[14.4834686,120.9920067],[14.4802527,120.9870243],[14.480175,120.9871315],[14.4833673,120.9920482],[14.4843286,120.9930111],[14.4848229,120.993335],[14.4828641,120.9953688],[14.4819661,120.9960158],[14.4807232,120.9968676],[14.479404,120.9977454],[14.4794649,120.997839],[14.4799575,120.9975086],[14.4801452,120.9978075],[14.480313,120.9979703],[14.480695,120.9989215],[14.4810871,120.9986792]]
route, [[14.4810871,120.9986792],[14.480695,120.9989215],[14.480313,120.9979703],[14.4801452,120.9978075],[14.4799575,120.9975086],[14.480776,120.996941],[14.4820195,120.9960939],[14.4829322,120.9954676],[14.4847352,120.9940899],[14.4852528,120.9937245],[14.4855134,120.9939147],[14.4862302,120.9950296],[14.491477,120.9969299],[14.4919663,120.9963143],[14.4948432,120.9980291],[14.4961543,121.0002343],[14.4987196,121.0050788],[14.5004253,121.0081223],[14.4999802,121.0086932],[14.4997395,121.0104504],[14.4996829,121.0109044],[14.4994923,121.0113681],[14.4980948,121.0128573],[14.4976639,121.013101],[14.496636,121.0135956],[14.4966443,121.0112198],[14.4962277,121.0109711],[14.4960044,121.0108573],[14.4952677,121.0107174],[14.4948385,121.0107168],[14.4943755,121.0106785],[14.4947162,121.0090891],[14.4943364,121.0089886],[14.4939512,121.0088978],[14.492658,121.0085822],[14.4926805,121.0080849],[14.4926749,121.0074858]]
route, [[14.4810654,121.0128117],[14.4809836,121.0133],[14.4806998,121.0137472],[14.4804297,121.0142477],[14.4809247,121.014537],[14.4803921,121.0156781],[14.4833066,121.0167044],[14.4827977,121.0184654],[14.4823988,121.0184568],[14.4816114,121.0197045],[14.4811177,121.0206119],[14.4792934,121.0199007],[14.4785286,121.0211644],[14.4788915,121.021418],[14.4779687,121.0229075],[14.4774458,121.0241474],[14.4773241,121.0244824],[14.4772215,121.0247648],[14.4771216,121.02504],[14.4769655,121.0253426],[14.4764495,121.0250883],[14.4763043,121.0255007],[14.4757678,121.0252966],[14.4753423,121.025127],[14.4749239,121.0249676],[14.4744276,121.0247411],[14.4738666,121.0249537],[14.4734046,121.024766],[14.472576,121.0241724],[14.4721242,121.0236298],[14.472592,121.0231059],[14.4711276,121.0225881],[14.4713091,121.0220365],[14.4703291,121.0216908],[14.4705154,121.0211646],[14.4706843,121.0206059],[14.4708995,121.0200095],[14.471065,121.0195099],[14.4712045,121.0190147],[14.4710499,121.0178413],[14.4713448,121.0172425],[14.4717902,121.0163713],[14.4728268,121.0169244]]
route, [[14.4828349,121.0164828],[14.4830102,121.0160583],[14.4824732,121.0158579],[14.4820643,121.0157094],[14.481665,121.0155501],[14.4821078,121.0145683],[14.4817463,121.014352],[14.4813728,121.0141286],[14.4815865,121.0137609],[14.4809836,121.0133],[14.4810654,121.0128117]]
