stop, 14.5942482, 120.9797219, #ff9900
stop, 14.587094, 120.9914545, #ff9900
stop, 14.5926853, 120.9730542, #ff9900
stop, 14.6088548, 120.9805716, #ff9900
stop, 14.5982901, 121.0009843, #ff9900
stop, 14.5906599, 120.9982974, #ff9900
stop, 14.5954092, 120.9839307, #ff9900
stop, 14.59151, 120.9818747, #ff9900
stop, 14.6036568, 120.9829027, #ff9900
stop, 14.598314, 120.9815835, #ff9900
stop, 14.6036568, 120.9829027, #ff9900
stop, 14.5921716, 120.9896609, #ff9900
stop, 14.6096712, 120.9691121, #ff9900
stop, 14.6027167, 120.9745153, #ff9900
stop, 14.6138391, 120.977891, #ff9900
stop, 14.5975074, 120.9963578, #ff9900
stop, 14.5912448, 120.9961237, #ff9900
stop, 14.6121367, 120.988816, #ff9900
stop, 14.6051391, 120.9828137, #ff9900
stop, 14.5869725, 120.9820165, #ff9900
stop, 14.5953681, 120.9801549, #ff9900
stop, 14.5987032, 120.9833565, #ff9900
stop, 14.5942129, 120.9754248, #ff9900
stop, 14.6006371, 120.983477, #ff9900
stop, 14.6082425, 120.9979079, #ff9900
stop, 14.6139055, 120.9889217, #ff9900
stop, 14.6007698, 120.9867456, #ff9900
stop, 14.5996621, 120.9884965, #ff9900
stop, 14.615255, 120.973469, #ff9900
stop, 14.6035069, 120.982881, #ff9900
stop, 14.6129086, 120.9875819, #ff9900
stop, 14.6136891, 120.9785033, #ff9900
stop, 14.6005304, 121.0016724, #ff9900
stop, 14.5917549, 120.9977049, #ff9900
stop, 14.6006825, 120.9800049, #ff9900
stop, 14.6014054, 120.993528, #ff9900
stop, 14.6044873, 120.9877336, #ff9900
stop, 14.5961169, 120.973558, #ff9900
stop, 14.587094, 120.9914545, #ff9900
stop, 14.5906599, 120.9982974, #ff9900
stop, 14.5979312, 120.9917133, #ff9900
stop, 14.6148473, 120.9683002, #ff9900
stop, 14.6015304, 120.9850349, #ff9900
stop, 14.6051393, 120.9944957, #ff9900
stop, 14.6109021, 120.9874549, #ff9900
stop, 14.5980234, 120.9813839, #ff9900
stop, 14.6019499, 121.0000639, #ff9900
stop, 14.6094078, 120.9739093, #ff9900
stop, 14.5922473, 120.9884031, #ff9900
stop, 14.591483, 120.9784348, #ff9900
route, [[14.5980234,120.9813839],[14.5973646,120.9823937],[14.5974407,120.9825086],[14.598314,120.9815835],[14.5984341,120.980721],[14.5984264,120.9806546],[14.598418,120.9805831],[14.5982462,120.9806272],[14.5953681,120.9801549],[14.5951878,120.9800804],[14.5942482,120.9797219]]
route, [[14.5942482,120.9797219],[14.5923497,120.9798514],[14.5903821,120.9805888],[14.5904196,120.9808121],[14.5914562,120.9804975],[14.5945369,120.9782388],[14.5948037,120.9780065],[14.5966874,120.9767931],[14.5948768,120.9778407],[14.5946274,120.9776992],[14.5942129,120.9754248]]
route, [[14.592305,120.9875078],[14.5924429,120.9871678],[14.5924904,120.9870959],[14.5922268,120.9869488],[14.5901817,120.9857237],[14.5895572,120.9852255],[14.5887171,120.9846378],[14.5880269,120.9849135],[14.5846782,120.9864353],[14.5832457,120.9871277],[14.5836249,120.9881907],[14.5839625,120.989077],[14.5842672,120.9899112],[14.5847742,120.9915406],[14.587094,120.9914545]]
route, [[14.587094,120.9914545],[14.5847742,120.9915406],[14.5850413,120.9923661],[14.5853606,120.9933047],[14.5854099,120.9936266],[14.5854992,120.9938149],[14.5855504,120.9938777],[14.5857311,120.9940519],[14.587055,120.9951472],[14.5872788,120.9953463],[14.588881,120.9967685],[14.5906599,120.9982974],[14.5910035,120.9985937],[14.5918723,120.999343],[14.5912448,120.9961237]]
route, [[14.5963226,120.9720492],[14.5961169,120.973558],[14.595998,120.9745186],[14.5959855,120.9750027],[14.5960052,120.9760488],[14.5962312,120.9769152],[14.5966874,120.9767931],[14.5948768,120.9778407],[14.5946274,120.9776992],[14.5942129,120.9754248],[14.5942947,120.9750081],[14.5942931,120.9742055],[14.5936709,120.9741918],[14.5926853,120.9730542]]
route, [[14.5926853,120.9730542],[14.5936709,120.9741918],[14.5933317,120.9745101],[14.593686,120.9749046],[14.5937917,120.9750089],[14.5942129,120.9754248],[14.5946274,120.9776992],[14.5944759,120.9780877],[14.593895,120.9784795],[14.5923497,120.9798514],[14.5903821,120.9805888],[14.5904196,120.9808121],[14.5904154,120.9820224],[14.59151,120.9818747]]
route, [[14.5926853,120.9730542],[14.5936709,120.9741918],[14.5933317,120.9745101],[14.593686,120.9749046],[14.5937917,120.9750089],[14.5942129,120.9754248],[14.5946274,120.9776992],[14.5944759,120.9780877],[14.593895,120.9784795],[14.5923497,120.9798514],[14.5903821,120.9805888],[14.5904196,120.9808121],[14.5914562,120.9804975],[14.5945369,120.9782388],[14.5948037,120.9780065],[14.5966874,120.9767931],[14.5970561,120.9764696],[14.5972169,120.9763792],[14.5976082,120.9761631],[14.5972076,120.9754079],[14.596929,120.9748218],[14.6021045,120.9716956],[14.6024487,120.971379],[14.6030812,120.9718374],[14.6029175,120.9726075],[14.6030256,120.972891],[14.6023986,120.9740838],[14.6027014,120.9741315],[14.6027167,120.9745153],[14.6019731,120.9745834]]
route, [[14.5926853,120.9730542],[14.5936709,120.9741918],[14.5933317,120.9745101],[14.5931017,120.9747259],[14.5929299,120.9748871],[14.5925629,120.9752315],[14.5919496,120.9758186],[14.5924591,120.9763741],[14.5915971,120.9771932],[14.5908883,120.9777422],[14.591483,120.9784348]]
route, [[14.5926853,120.9730542],[14.5936709,120.9741918],[14.5933317,120.9745101],[14.593686,120.9749046],[14.5937917,120.9750089],[14.5942129,120.9754248],[14.5946274,120.9776992],[14.5944759,120.9780877],[14.593895,120.9784795],[14.5923497,120.9798514],[14.5903821,120.9805888],[14.5904196,120.9808121],[14.5914562,120.9804975],[14.5945369,120.9782388],[14.5948037,120.9780065],[14.5966874,120.9767931],[14.5967463,120.9769327],[14.5963495,120.9771633],[14.5965866,120.9775996],[14.5975227,120.9793901]]
route, [[14.5942129,120.9754248],[14.5942947,120.9750081],[14.5942931,120.9742055],[14.5936709,120.9741918],[14.5926853,120.9730542]]
route, [[14.6014054,120.993528],[14.6015945,120.992653],[14.6014943,120.9926087],[14.6013881,120.9924132],[14.6013055,120.9922635],[14.601225,120.9921321],[14.6009338,120.9916263],[14.6006189,120.9912352],[14.6004354,120.9910488],[14.6018014,120.9881617],[14.6022178,120.9872468],[14.6022472,120.9871801],[14.6031272,120.9852538],[14.6033133,120.9848621],[14.6035365,120.9837038],[14.6036568,120.9829027],[14.6037185,120.9825058],[14.603822,120.9820049],[14.6051795,120.9820654],[14.6065393,120.982145],[14.6065479,120.9820856],[14.6066115,120.981037],[14.60666,120.980375],[14.6078895,120.9804922],[14.6079283,120.9801322],[14.6088981,120.9802245]]
route, [[14.6148473,120.9683002],[14.6144897,120.9694359],[14.6141554,120.9693279],[14.6140358,120.9699647],[14.6180656,120.9708393],[14.6179622,120.9710679],[14.6176304,120.9725291],[14.6174694,120.9732676],[14.6173428,120.9739239],[14.6169383,120.975797],[14.6168869,120.9761007],[14.6142261,120.9751975],[14.6138879,120.9765555],[14.6138514,120.9766955],[14.6136509,120.9774909],[14.6133079,120.9787089],[14.6132588,120.9801287],[14.6129486,120.980137],[14.6123313,120.9801536],[14.6118377,120.9800605],[14.6109414,120.9802727],[14.6093768,120.9793655],[14.6088981,120.9802245]]
route, [[14.6088981,120.9802245],[14.6088548,120.9805716],[14.6098216,120.9806615],[14.6110234,120.9807499],[14.6122506,120.9808392],[14.6121856,120.9814911],[14.612132,120.9824973],[14.6121217,120.9825894],[14.6120999,120.9829646],[14.6120673,120.9834039],[14.6119946,120.9843809],[14.6119347,120.9851862],[14.6129268,120.9852588],[14.6141821,120.9853508],[14.6154191,120.9854412],[14.6153891,120.9858232],[14.6168456,120.9859326],[14.6161294,120.9865969],[14.6160077,120.9867039],[14.6150337,120.9876235],[14.613976,120.9886265],[14.6139164,120.9886804],[14.612903,120.9896759],[14.6124005,120.9891094],[14.6121367,120.988816],[14.6118881,120.9885394],[14.6116868,120.9883146],[14.6116323,120.9882537],[14.6114016,120.9879983],[14.6111424,120.9877079],[14.6111019,120.9876679],[14.6109021,120.9874549]]
route, [[14.6138391,120.977891],[14.6139292,120.9775603],[14.6136509,120.9774909],[14.6133079,120.9787089],[14.6132588,120.9801287],[14.6129486,120.980137],[14.6123313,120.9801536],[14.6118377,120.9800605],[14.6109414,120.9802727],[14.6093768,120.9793655],[14.6088981,120.9802245]]
route, [[14.6088981,120.9802245],[14.6079283,120.9801322],[14.6078895,120.9804922],[14.60666,120.980375],[14.6066115,120.981037],[14.6065479,120.9820856],[14.6051863,120.9820066],[14.6051795,120.9820654],[14.6051391,120.9828137]]
route, [[14.5996621,120.9884965],[14.6002311,120.9877541],[14.6004606,120.9874421],[14.6016845,120.9881009],[14.6018014,120.9881617],[14.6022178,120.9872468],[14.6022472,120.9871801],[14.6031272,120.9852538],[14.6033133,120.9848621],[14.6035365,120.9837038],[14.6036568,120.9829027],[14.6037185,120.9825058],[14.603822,120.9820049],[14.6051795,120.9820654],[14.6065393,120.982145],[14.6065479,120.9820856],[14.6066115,120.981037],[14.60666,120.980375],[14.6078895,120.9804922],[14.6079283,120.9801322],[14.6088981,120.9802245]]
route, [[14.6035069,120.982881],[14.6033951,120.9836896],[14.6035365,120.9837038],[14.6036568,120.9829027],[14.6037185,120.9825058],[14.603822,120.9820049],[14.6051795,120.9820654],[14.6065393,120.982145],[14.6065479,120.9820856],[14.6066115,120.981037],[14.60666,120.980375],[14.6078895,120.9804922],[14.6079283,120.9801322],[14.6088981,120.9802245]]
route, [[14.6129086,120.9875819],[14.6131416,120.9878494],[14.6134158,120.9881365],[14.6139164,120.9886804],[14.6140258,120.9888092],[14.6140903,120.9887452],[14.6151219,120.9877115],[14.6161596,120.9867238],[14.6162733,120.9866239],[14.6171066,120.9858217],[14.6171159,120.9856861],[14.617118,120.9855445],[14.6170173,120.984734],[14.6169297,120.9837541],[14.6168836,120.9832844],[14.6168361,120.9827942],[14.6168203,120.9826958],[14.6143598,120.9826071],[14.6131433,120.9825538],[14.612132,120.9824973],[14.6121856,120.9814911],[14.6122506,120.9808392],[14.6110234,120.9807499],[14.6109414,120.9802727],[14.6093768,120.9793655],[14.6088981,120.9802245]]
route, [[14.6088981,120.9802245],[14.6088548,120.9805716],[14.6098216,120.9806615],[14.6110234,120.9807499],[14.6122506,120.9808392],[14.6123313,120.9801536],[14.6129486,120.980137],[14.6132588,120.9801287],[14.6133079,120.9787089],[14.6135975,120.9788086],[14.6136891,120.9785033]]
route, [[14.5982901,121.0009843],[14.5985623,121.00077],[14.5996033,121.0002417],[14.5999367,121.0000926],[14.6008485,120.9996231],[14.6009966,120.9995488],[14.6009212,120.9993543],[14.6011783,120.9986213],[14.6010727,120.9980214],[14.6008567,120.9970886],[14.6007069,120.9965967],[14.6006797,120.9958383],[14.6011339,120.9944075],[14.6012133,120.9941502],[14.6014054,120.993528]]
route, [[14.6019499,121.0000639],[14.6013161,121.0003164],[14.6009966,120.9995488],[14.6007574,120.9994505],[14.6008485,120.9996231],[14.6011397,121.0004635],[14.6012472,121.0014958],[14.6005304,121.0016724],[14.5988179,121.0021455],[14.5982901,121.0009843]]
route, [[14.5982901,121.0009843],[14.5985623,121.00077],[14.5996033,121.0002417],[14.5999367,121.0000926],[14.6008485,120.9996231],[14.6009966,120.9995488],[14.6007574,120.9994505],[14.6004365,120.9991381],[14.5999759,120.9986098],[14.5994882,120.9979906],[14.598747,120.9972499],[14.5981827,120.9966153],[14.5981349,120.9965621],[14.597965,120.9963894],[14.5975074,120.9963578]]
route, [[14.5906599,120.9982974],[14.5910035,120.9985937],[14.5918723,120.999343],[14.5928572,121.0015345],[14.5928837,121.0017088],[14.5932951,121.0016526],[14.5981986,121.0009409],[14.5985623,121.00077],[14.5996033,121.0002417],[14.5999367,121.0000926],[14.6008485,120.9996231],[14.6009966,120.9995488],[14.6007574,120.9994505],[14.6004365,120.9991381],[14.5999759,120.9986098],[14.5994882,120.9979906],[14.598747,120.9972499],[14.5981827,120.9966153],[14.5981349,120.9965621],[14.597965,120.9963894],[14.597127,120.9949974],[14.5968696,120.9948233],[14.5967092,120.9947485],[14.5965878,120.9922512],[14.5979312,120.9917133]]
route, [[14.5917549,120.9977049],[14.5913073,120.9976259],[14.5912432,120.9978872],[14.5910035,120.9985937],[14.5906599,120.9982974]]
route, [[14.5869725,120.9820165],[14.5861361,120.9825593],[14.5860539,120.9826077],[14.5835858,120.9839889],[14.5835472,120.9842276],[14.5846782,120.9864353],[14.5832457,120.9871277],[14.5836249,120.9881907],[14.5839625,120.989077],[14.5842672,120.9899112],[14.5847742,120.9915406],[14.5850413,120.9923661],[14.5853606,120.9933047],[14.5854099,120.9936266],[14.5854992,120.9938149],[14.5855504,120.9938777],[14.5857311,120.9940519],[14.587055,120.9951472],[14.5872788,120.9953463],[14.588881,120.9967685],[14.5906599,120.9982974]]
route, [[14.5906599,120.9982974],[14.588881,120.9967685],[14.5872788,120.9953463],[14.587055,120.9951472],[14.5858298,120.9940201],[14.5856503,120.9938238],[14.5856017,120.9937478],[14.5853606,120.9933047],[14.5850413,120.9923661],[14.5847742,120.9915406],[14.587094,120.9914545]]
route, [[14.5954092,120.9839307],[14.5926058,120.9869138],[14.5924904,120.9870959],[14.5924429,120.9871678],[14.592305,120.9875078]]
route, [[14.5921716,120.9896609],[14.5922473,120.9884031],[14.592305,120.9875078],[14.5924429,120.9871678],[14.5924904,120.9870959],[14.5926058,120.9869138],[14.5954092,120.9839307]]
route, [[14.6044873,120.9877336],[14.6027974,120.9873176],[14.6022472,120.9871801],[14.6021263,120.9871506],[14.602098,120.987216],[14.6006945,120.9869814],[14.6007698,120.9867456],[14.60068,120.9857496],[14.6006548,120.9850453],[14.5982429,120.9858825],[14.5978355,120.9848642],[14.5972357,120.9847834],[14.5966068,120.9846767],[14.5962671,120.9846098],[14.5954092,120.9839307]]
route, [[14.5954092,120.9839307],[14.5926058,120.9869138],[14.5922268,120.9869488],[14.5901817,120.9857237],[14.5904281,120.9838256],[14.5904154,120.9820224],[14.59151,120.9818747]]
route, [[14.59151,120.9818747],[14.5904154,120.9820224],[14.5904196,120.9808121],[14.5903821,120.9805888],[14.5895234,120.978896],[14.5898292,120.9789272],[14.591483,120.9784348]]
route, [[14.59151,120.9818747],[14.5904154,120.9820224],[14.5904196,120.9808121],[14.5903821,120.9805888],[14.5890481,120.9809401],[14.5869725,120.9820165]]
route, [[14.6015304,120.9850349],[14.6019925,120.9857717],[14.6007698,120.9867456],[14.6006945,120.9869814],[14.602098,120.987216],[14.6022178,120.9872468],[14.6022472,120.9871801],[14.6031272,120.9852538],[14.6033133,120.9848621],[14.6035365,120.9837038],[14.6036568,120.9829027]]
route, [[14.6036568,120.9829027],[14.6035069,120.982881],[14.6033951,120.9836896],[14.6031725,120.9848541],[14.6029883,120.9852347],[14.6027895,120.9856445],[14.6025936,120.9860617],[14.6021263,120.9871506],[14.602098,120.987216],[14.6022178,120.9872468],[14.6022472,120.9871801],[14.6031272,120.9852538],[14.6049985,120.9870378],[14.6044873,120.9877336]]
route, [[14.6036568,120.9829027],[14.6037185,120.9825058],[14.6037712,120.9820053],[14.6037851,120.9819133],[14.603657,120.9819008],[14.6023751,120.981844],[14.6009447,120.9816099],[14.600872,120.9803996],[14.6006825,120.9800049]]
route, [[14.598314,120.9815835],[14.5989565,120.9817095],[14.5999562,120.9820013],[14.6004465,120.9822122],[14.6000367,120.9834573],[14.6006371,120.983477],[14.6024283,120.9836151],[14.6033951,120.9836896],[14.6031725,120.9848541],[14.6029883,120.9852347],[14.6027895,120.9856445],[14.6021787,120.9853463],[14.6015304,120.9850349]]
route, [[14.5975227,120.9793901],[14.5979297,120.9798364],[14.5982674,120.980064],[14.598418,120.9805831],[14.5984264,120.9806546],[14.5984341,120.980721],[14.598314,120.9815835]]
route, [[14.587094,120.9914545],[14.5847742,120.9915406],[14.5842672,120.9899112],[14.5839625,120.989077],[14.5836249,120.9881907],[14.588211,120.9866909],[14.5885713,120.986579],[14.5892433,120.9863718],[14.5896438,120.9862329],[14.5901817,120.9857237],[14.5911635,120.98651],[14.592121,120.9870001],[14.592305,120.9875078],[14.5922473,120.9884031],[14.5921716,120.9896609]]
route, [[14.6090008,120.9691416],[14.6095966,120.9691116],[14.6096712,120.9691121],[14.6097406,120.9691229],[14.6101878,120.9692102],[14.6108065,120.9713151],[14.6121443,120.9711236],[14.6130697,120.971011],[14.6140358,120.9699647],[14.6141554,120.9693279],[14.6145094,120.9682071],[14.6148473,120.9683002]]
route, [[14.6094078,120.9739093],[14.610446,120.9741455],[14.6108088,120.9724847],[14.6092193,120.9721179],[14.6096712,120.9691121],[14.6095966,120.9691116],[14.6090008,120.9691416]]
route, [[14.6019731,120.9745834],[14.6027167,120.9745153],[14.6027014,120.9741315],[14.6023986,120.9740838],[14.6010365,120.9736708],[14.6009179,120.973632],[14.6007457,120.9733222],[14.5997744,120.9739498],[14.5993934,120.9730564],[14.5993628,120.9730243],[14.5993175,120.9729615],[14.5988126,120.9721245],[14.5983386,120.9725145],[14.5977315,120.9715992],[14.5963226,120.9720492]]
route, [[14.6148473,120.9683002],[14.6144897,120.9694359],[14.6141554,120.9693279],[14.6140358,120.9699647],[14.6180656,120.9708393],[14.6179622,120.9710679],[14.6176304,120.9725291],[14.6174694,120.9732676],[14.6173428,120.9739239],[14.6169383,120.975797],[14.6168869,120.9761007],[14.6142261,120.9751975],[14.6138879,120.9765555],[14.6126094,120.9763137],[14.6102295,120.9758705],[14.6092088,120.9756792],[14.6082147,120.975497],[14.6061688,120.9748303],[14.606033,120.9748372],[14.604675,120.9744643],[14.6045599,120.9747949],[14.6035525,120.9744626],[14.6027167,120.9745153],[14.6019731,120.9745834]]
route, [[14.6019731,120.9745834],[14.6027167,120.9745153],[14.6027014,120.9741315],[14.6035883,120.9742515],[14.6043897,120.9743963],[14.604675,120.9744643],[14.606033,120.9748372],[14.6053538,120.976544],[14.6052292,120.9768683],[14.6049598,120.9775594],[14.6042274,120.9794444],[14.603998,120.9800518],[14.6038312,120.9805564],[14.6027964,120.9803151],[14.6015264,120.9797505],[14.6012134,120.9795678],[14.6006825,120.9800049]]
route, [[14.6019731,120.9745834],[14.6027167,120.9745153],[14.6027014,120.9741315],[14.6035883,120.9742515],[14.6043897,120.9743963],[14.604675,120.9744643],[14.606033,120.9748372],[14.6061262,120.9749455],[14.6061688,120.9748303],[14.6063525,120.9743093],[14.6066374,120.9735198],[14.6082782,120.9736477],[14.6094078,120.9739093]]
route, [[14.6019731,120.9745834],[14.6027167,120.9745153],[14.6027014,120.9741315],[14.6023986,120.9740838],[14.6010365,120.9736708],[14.6009179,120.973632],[14.6007457,120.9733222],[14.5997744,120.9739498],[14.5996133,120.9740408],[14.5972076,120.9754079],[14.5968006,120.9756344],[14.5970574,120.9762795],[14.5970561,120.9764696],[14.5966874,120.9767931],[14.5948768,120.9778407],[14.5946537,120.9779678],[14.5944759,120.9780877],[14.593895,120.9784795],[14.5923497,120.9798514],[14.5903821,120.9805888],[14.5890481,120.9809401],[14.5869725,120.9820165]]
route, [[14.6019731,120.9745834],[14.6027167,120.9745153],[14.6027014,120.9741315],[14.6035883,120.9742515],[14.6043897,120.9743963],[14.604675,120.9744643],[14.606033,120.9748372],[14.6053538,120.976544],[14.6052292,120.9768683],[14.6049598,120.9775594],[14.6042274,120.9794444],[14.603998,120.9800518],[14.6038312,120.9805564],[14.6037698,120.9810306],[14.603657,120.9819008],[14.6036447,120.9820002],[14.6035069,120.982881],[14.6033951,120.9836896],[14.6031725,120.9848541],[14.6029883,120.9852347],[14.6027895,120.9856445],[14.6025936,120.9860617],[14.6019925,120.9857717],[14.6007698,120.9867456],[14.6006945,120.9869814]]
route, [[14.615255,120.973469],[14.6155756,120.9735359],[14.6159109,120.9736099],[14.6162022,120.9736788],[14.616511,120.9737536],[14.6168756,120.973829],[14.6173428,120.9739239],[14.6169383,120.975797],[14.6168869,120.9761007],[14.6142261,120.9751975],[14.6138879,120.9765555],[14.6138514,120.9766955],[14.6136509,120.9774909],[14.6139292,120.9775603],[14.6138391,120.977891]]
route, [[14.5912448,120.9961237],[14.5918723,120.999343],[14.5928572,121.0015345],[14.5928837,121.0017088],[14.5932951,121.0016526],[14.5981986,121.0009409],[14.5985623,121.00077],[14.5996033,121.0002417],[14.5999367,121.0000926],[14.6008485,120.9996231],[14.6009966,120.9995488],[14.6007574,120.9994505],[14.6004365,120.9991381],[14.5999759,120.9986098],[14.5994882,120.9979906],[14.598747,120.9972499],[14.5981827,120.9966153],[14.5981349,120.9965621],[14.597965,120.9963894],[14.5975074,120.9963578]]
route, [[14.5975074,120.9963578],[14.597965,120.9963894],[14.5981349,120.9965621],[14.5981827,120.9966153],[14.598747,120.9972499],[14.5994882,120.9979906],[14.5999759,120.9986098],[14.6004365,120.9991381],[14.6004792,120.9995917],[14.5988082,121.0003892],[14.5984728,121.0005638],[14.598133,121.000833],[14.5932586,121.0014992],[14.5928572,121.0015345],[14.5918723,120.999343],[14.5910035,120.9985937],[14.5912432,120.9978872],[14.5913073,120.9976259],[14.5917549,120.9977049]]
route, [[14.6051391,120.9828137],[14.606492,120.9829728],[14.6065149,120.9825653],[14.6065393,120.982145],[14.6065479,120.9820856],[14.6051863,120.9820066],[14.6038309,120.9819164],[14.6037851,120.9819133],[14.603657,120.9819008],[14.6023751,120.981844],[14.6009447,120.9816099],[14.6009355,120.9817086],[14.6008987,120.9820425],[14.6006371,120.983477]]
route, [[14.5869725,120.9820165],[14.5861361,120.9825593],[14.5860539,120.9826077],[14.5861846,120.9827379],[14.5887171,120.9846378],[14.5895572,120.9852255],[14.5901817,120.9857237],[14.5911635,120.98651],[14.592121,120.9870001],[14.592305,120.9875078],[14.5922473,120.9884031],[14.5926999,120.9884356],[14.5926058,120.9896903],[14.5965168,120.9896153],[14.59724,120.9896115],[14.5990543,120.9903574],[14.6002926,120.9909603],[14.6004354,120.9910488],[14.6006189,120.9912352],[14.6027964,120.9904027],[14.6029253,120.9908374],[14.6030353,120.9913035],[14.6033327,120.9931118],[14.6029739,120.9930824],[14.6020666,120.9935135],[14.6018453,120.9936159],[14.6015942,120.9935809],[14.6014054,120.993528]]
route, [[14.5906599,120.9982974],[14.588881,120.9967685],[14.5872788,120.9953463],[14.587055,120.9951472],[14.5858298,120.9940201],[14.5856503,120.9938238],[14.5856017,120.9937478],[14.5853606,120.9933047],[14.5850413,120.9923661],[14.5847742,120.9915406],[14.5842672,120.9899112],[14.5839625,120.989077],[14.5836249,120.9881907],[14.588211,120.9866909],[14.5885713,120.986579],[14.5892433,120.9863718],[14.5896438,120.9862329],[14.5901817,120.9857237],[14.5904281,120.9838256],[14.5904154,120.9820224],[14.5904196,120.9808121],[14.5903821,120.9805888],[14.5890481,120.9809401],[14.5869725,120.9820165]]
route, [[14.5869725,120.9820165],[14.5861361,120.9825593],[14.5860539,120.9826077],[14.5861846,120.9827379],[14.5887171,120.9846378],[14.5895572,120.9852255],[14.5901817,120.9857237],[14.5911635,120.98651],[14.592121,120.9870001],[14.592305,120.9875078],[14.5922473,120.9884031],[14.5921716,120.9896609],[14.5926058,120.9896903],[14.5965168,120.9896153],[14.59724,120.9896115],[14.5979312,120.9917133]]
route, [[14.5869725,120.9820165],[14.5861361,120.9825593],[14.5860539,120.9826077],[14.5861846,120.9827379],[14.5887171,120.9846378],[14.5895572,120.9852255],[14.5901817,120.9857237],[14.5911635,120.98651],[14.592121,120.9870001],[14.592305,120.9875078]]
route, [[14.5975227,120.9793901],[14.5979297,120.9798364],[14.5982674,120.980064],[14.598418,120.9805831],[14.5982462,120.9806272],[14.5953681,120.9801549],[14.5951878,120.9800804],[14.5942482,120.9797219],[14.5923497,120.9798514],[14.5903821,120.9805888],[14.5890481,120.9809401],[14.5869725,120.9820165]]
route, [[14.6139055,120.9889217],[14.6142088,120.9889027],[14.6145896,120.9893281],[14.6135211,120.9903464],[14.6129958,120.9897725],[14.612903,120.9896759],[14.6108164,120.991697],[14.609709,120.9927546],[14.6066775,120.9894438],[14.6064115,120.9891575],[14.606155,120.9888767],[14.6059321,120.9886326],[14.6056967,120.9883748],[14.605456,120.9881113],[14.6054044,120.9880306],[14.6053064,120.9876754],[14.6051341,120.9868643],[14.604872,120.9857251],[14.6046051,120.9852908],[14.6013675,120.9846399],[14.6006427,120.9844931],[14.5995259,120.9842633],[14.5980308,120.9839489],[14.594714,120.9806536],[14.5942482,120.9797219],[14.5923497,120.9798514],[14.5903821,120.9805888],[14.5904196,120.9808121],[14.5914562,120.9804975],[14.5945369,120.9782388],[14.5948037,120.9780065],[14.5966874,120.9767931],[14.5967463,120.9769327],[14.5963495,120.9771633],[14.5965866,120.9775996],[14.5975227,120.9793901]]
route, [[14.6006945,120.9869814],[14.602098,120.987216],[14.6022178,120.9872468],[14.6022472,120.9871801],[14.6031272,120.9852538],[14.6033133,120.9848621],[14.6035365,120.9837038],[14.6033951,120.9836896],[14.6031725,120.9848541],[14.6013675,120.9846399],[14.6006427,120.9844931],[14.5995259,120.9842633],[14.5996095,120.9834292],[14.5987032,120.9833565],[14.5986909,120.9833815]]
route, [[14.5986909,120.9833815],[14.5987032,120.9833565],[14.5987425,120.9830862],[14.5989565,120.9817095],[14.599012,120.981396],[14.599836,120.9815148],[14.6005232,120.9816297],[14.6005358,120.9815398],[14.6002634,120.9807067],[14.600872,120.9803996],[14.6006825,120.9800049]]
route, [[14.591483,120.9784348],[14.592357,120.97804],[14.5934834,120.9774908],[14.5937994,120.976589],[14.5936887,120.9750039],[14.5937917,120.9750089],[14.5942129,120.9754248]]
route, [[14.5942129,120.9754248],[14.5946274,120.9776992],[14.5944759,120.9780877],[14.593895,120.9784795],[14.5923497,120.9798514],[14.5903821,120.9805888],[14.5904196,120.9808121],[14.5914562,120.9804975],[14.5945369,120.9782388],[14.5948037,120.9780065],[14.5966874,120.9767931],[14.5970561,120.9764696],[14.5972169,120.9763792],[14.5976082,120.9761631],[14.5972076,120.9754079],[14.596929,120.9748218],[14.5968282,120.9745093],[14.5967984,120.9739438],[14.5961169,120.973558],[14.5963226,120.9720492]]
route, [[14.5980234,120.9813839],[14.5973646,120.9823937],[14.5974407,120.9825086],[14.598314,120.9815835],[14.5984341,120.980721],[14.5984264,120.9806546],[14.598418,120.9805831],[14.5982462,120.9806272],[14.5953681,120.9801549],[14.5948037,120.9780065],[14.5966874,120.9767931],[14.5948768,120.9778407],[14.5946274,120.9776992],[14.5942129,120.9754248]]
route, [[14.6006371,120.983477],[14.6024283,120.9836151],[14.6021837,120.982842],[14.6022904,120.9822891],[14.6023618,120.9819275],[14.6023751,120.981844],[14.6009447,120.9816099],[14.600872,120.9803996],[14.6006825,120.9800049]]
route, [[14.6051393,120.9944957],[14.6048974,120.9942233],[14.6030738,120.9959599],[14.6033498,120.996713],[14.6036904,120.9973911],[14.6038825,120.9978003],[14.6021742,120.9986704],[14.6022877,120.9989117],[14.6039861,120.9980225],[14.6042408,120.9978163],[14.6051624,120.9972153],[14.6053181,120.9975401],[14.6076948,120.9973994],[14.6079439,120.9976718],[14.6082425,120.9979079]]
route, [[14.6082425,120.9979079],[14.6079439,120.9976718],[14.6076948,120.9973994],[14.6053181,120.9975401],[14.6051624,120.9972153],[14.6075507,120.9949633],[14.6086248,120.9939318],[14.6092473,120.9933552],[14.609695,120.9929388],[14.6097924,120.9928448],[14.609709,120.9927546],[14.6066775,120.9894438],[14.6064115,120.9891575],[14.6075245,120.9881515],[14.6086074,120.9870999],[14.6095616,120.986204],[14.6098132,120.9862318],[14.6110363,120.9863038],[14.6115361,120.9863526],[14.6116321,120.9863626],[14.611923,120.9865052],[14.6109021,120.9874549]]
route, [[14.6082425,120.9979079],[14.6079439,120.9976718],[14.6076948,120.9973994],[14.6053181,120.9975401],[14.6044612,120.9981043],[14.604993,120.9986946],[14.6044394,120.9990092],[14.6019499,121.0000639]]
route, [[14.6082425,120.9979079],[14.6079439,120.9976718],[14.6076948,120.9973994],[14.6053181,120.9975401],[14.6051624,120.9972153],[14.6075507,120.9949633],[14.6074727,120.9948776],[14.6064018,120.9959297],[14.6055673,120.9966911],[14.6047081,120.9974215],[14.6041127,120.9977707],[14.598133,121.000833],[14.5932586,121.0014992],[14.5928572,121.0015345],[14.5918723,120.999343],[14.5910035,120.9985937],[14.5906599,120.9982974]]
route, [[14.6109021,120.9874549],[14.611923,120.9865052],[14.6121687,120.9867669],[14.6124235,120.9870513],[14.6126569,120.9873054],[14.6129086,120.9875819],[14.6131416,120.9878494],[14.6134158,120.9881365],[14.6139164,120.9886804],[14.612903,120.9896759],[14.6108164,120.991697],[14.6109016,120.991796],[14.6119466,120.9907628],[14.6129958,120.9897725],[14.6139055,120.9889217]]
route, [[14.6139055,120.9889217],[14.6142088,120.9889027],[14.6145896,120.9893281],[14.6135211,120.9903464],[14.6129958,120.9897725],[14.612903,120.9896759],[14.6108164,120.991697],[14.609709,120.9927546],[14.609608,120.9928461],[14.6091072,120.9933357],[14.60802,120.9932685],[14.607479,120.9932569],[14.6069852,120.9932463],[14.6059588,120.9932056],[14.6048974,120.9942233],[14.6051393,120.9944957]]
route, [[14.6139055,120.9889217],[14.6142088,120.9889027],[14.6145896,120.9893281],[14.6135211,120.9903464],[14.6129958,120.9897725],[14.612903,120.9896759],[14.6108164,120.991697],[14.609709,120.9927546],[14.6066775,120.9894438],[14.6064115,120.9891575],[14.606155,120.9888767],[14.6059321,120.9886326],[14.6056967,120.9883748],[14.605456,120.9881113],[14.6054044,120.9880306],[14.6052512,120.9879207],[14.6044873,120.9877336]]
route, [[14.6006945,120.9869814],[14.602098,120.987216],[14.6016845,120.9881009],[14.6012371,120.9890256],[14.600341,120.9908649],[14.599094,120.9902626],[14.5990543,120.9903574],[14.5979312,120.9917133]]
route, [[14.6044873,120.9877336],[14.6027974,120.9873176],[14.6022472,120.9871801],[14.6021263,120.9871506],[14.602098,120.987216],[14.6006945,120.9869814]]
route, [[14.5979312,120.9917133],[14.5990543,120.9903574],[14.599094,120.9902626],[14.5992079,120.9894194],[14.5994287,120.9888134],[14.5996621,120.9884965]]
route, [[14.5996621,120.9884965],[14.6012371,120.9890256],[14.600341,120.9908649],[14.6002926,120.9909603],[14.6004354,120.9910488],[14.6006189,120.9912352],[14.6027964,120.9904027],[14.6029253,120.9908374],[14.6030353,120.9913035],[14.6033327,120.9931118],[14.6029739,120.9930824],[14.6020666,120.9935135],[14.6018453,120.9936159],[14.6015942,120.9935809],[14.6014054,120.993528]]
route, [[14.5996621,120.9884965],[14.6002311,120.9877541],[14.6004606,120.9874421],[14.6006175,120.9871304],[14.6006945,120.9869814],[14.6007698,120.9867456],[14.6019925,120.9857717],[14.6015304,120.9850349]]
route, [[14.6148473,120.9683002],[14.6144897,120.9694359],[14.6141554,120.9693279],[14.6140358,120.9699647],[14.6180656,120.9708393],[14.6179622,120.9710679],[14.6167701,120.972341],[14.6165019,120.9722774],[14.6162299,120.9722186],[14.6158773,120.9721581],[14.6155756,120.9735359],[14.615255,120.973469]]
route, [[14.6136891,120.9785033],[14.6135975,120.9788086],[14.6133079,120.9787089],[14.6136509,120.9774909],[14.6138514,120.9766955],[14.6138879,120.9765555],[14.6142261,120.9751975],[14.6168869,120.9761007],[14.6169383,120.975797],[14.6173428,120.9739239],[14.6168756,120.973829],[14.616511,120.9737536],[14.6162022,120.9736788],[14.6159109,120.9736099],[14.6155756,120.9735359],[14.615255,120.973469]]
route, [[14.615255,120.973469],[14.6155756,120.9735359],[14.6159109,120.9736099],[14.6162022,120.9736788],[14.616511,120.9737536],[14.6168756,120.973829],[14.6173428,120.9739239],[14.6169383,120.975797],[14.6168869,120.9761007],[14.6142261,120.9751975],[14.6137913,120.9751064],[14.6135017,120.9750453],[14.6129092,120.9749364],[14.610446,120.9741455],[14.6094078,120.9739093]]
route, [[14.6006825,120.9800049],[14.600872,120.9803996],[14.6009447,120.9816099],[14.6009355,120.9817086],[14.6023618,120.9819275],[14.6036447,120.9820002],[14.6035069,120.982881]]
route, [[14.6148473,120.9683002],[14.6144897,120.9694359],[14.6141554,120.9693279],[14.6140358,120.9699647],[14.6180656,120.9708393],[14.6179622,120.9710679],[14.6176304,120.9725291],[14.6174694,120.9732676],[14.6173428,120.9739239],[14.6169383,120.975797],[14.6168869,120.9761007],[14.6142261,120.9751975],[14.6138879,120.9765555],[14.6138514,120.9766955],[14.6136509,120.9774909],[14.6133079,120.9787089],[14.6132588,120.9801287],[14.6131433,120.9825538],[14.6131352,120.9826654],[14.613107,120.9830588],[14.6143317,120.9831202],[14.6142988,120.9836117],[14.6142354,120.9845559],[14.6141821,120.9853508],[14.6154191,120.9854412],[14.6153891,120.9858232],[14.6168456,120.9859326],[14.6161294,120.9865969],[14.6160077,120.9867039],[14.6150337,120.9876235],[14.613976,120.9886265],[14.6139164,120.9886804],[14.612903,120.9896759],[14.6124005,120.9891094],[14.6121367,120.988816],[14.6118881,120.9885394],[14.6129086,120.9875819]]
route, [[14.6129086,120.9875819],[14.6131416,120.9878494],[14.6134158,120.9881365],[14.6139164,120.9886804],[14.612903,120.9896759],[14.6108164,120.991697],[14.609709,120.9927546],[14.6066775,120.9894438],[14.6064115,120.9891575],[14.606155,120.9888767],[14.6059321,120.9886326],[14.6056967,120.9883748],[14.605456,120.9881113],[14.6054044,120.9880306],[14.6052512,120.9879207],[14.6044873,120.9877336]]
route, [[14.6006825,120.9800049],[14.6000612,120.9802881],[14.599703,120.979783],[14.5991646,120.980094],[14.598418,120.9805831],[14.5984264,120.9806546],[14.5984341,120.980721],[14.598314,120.9815835],[14.5974407,120.9825086],[14.5973646,120.9823937],[14.5980234,120.9813839]]
route, [[14.6014054,120.993528],[14.6015945,120.992653],[14.6014943,120.9926087],[14.6013881,120.9924132],[14.6013055,120.9922635],[14.601225,120.9921321],[14.6009338,120.9916263],[14.6006189,120.9912352],[14.6004354,120.9910488],[14.600341,120.9908649],[14.599094,120.9902626],[14.5990543,120.9903574],[14.5979312,120.9917133]]
route, [[14.6051393,120.9944957],[14.6048974,120.9942233],[14.6030738,120.9959599],[14.6029942,120.9958079],[14.6025052,120.9959112],[14.6016119,120.9960332],[14.6017625,120.9945868],[14.6018453,120.9936159],[14.6015942,120.9935809],[14.6014054,120.993528]]
route, [[14.6019499,121.0000639],[14.6013161,121.0003164],[14.6009966,120.9995488],[14.6009212,120.9993543],[14.6011783,120.9986213],[14.6010727,120.9980214],[14.6008567,120.9970886],[14.6007069,120.9965967],[14.6006797,120.9958383],[14.6011339,120.9944075],[14.6012133,120.9941502],[14.6014054,120.993528]]
route, [[14.6044873,120.9877336],[14.6049985,120.9870378],[14.6051331,120.9873795],[14.6052512,120.9879207],[14.6052773,120.9880308],[14.6056253,120.9884518],[14.6060863,120.9889619],[14.6065949,120.9895247],[14.607088,120.9900704],[14.6060362,120.9910928],[14.6045805,120.9931544],[14.6039027,120.9931455],[14.6043925,120.9936733],[14.6046413,120.9939414],[14.6048974,120.9942233],[14.6051393,120.9944957]]
route, [[14.6044873,120.9877336],[14.6027974,120.9873176],[14.6022472,120.9871801],[14.6021263,120.9871506],[14.602098,120.987216],[14.6006945,120.9869814],[14.6007698,120.9867456],[14.60068,120.9857496],[14.6006548,120.9850453],[14.6006455,120.9846198],[14.6013385,120.9847614],[14.604594,120.9854161],[14.6058763,120.9856772],[14.6063235,120.9857691],[14.6071937,120.9859321],[14.6075928,120.9859949],[14.6081134,120.9860632],[14.6085681,120.986102],[14.6090946,120.9861593],[14.6095616,120.986204],[14.6098132,120.9862318],[14.6110363,120.9863038],[14.6115361,120.9863526],[14.6116321,120.9863626],[14.611923,120.9865052],[14.6109021,120.9874549]]
route, [[14.6019499,121.0000639],[14.6013161,121.0003164],[14.6009966,120.9995488],[14.6007574,120.9994505],[14.6004792,120.9995917],[14.5988082,121.0003892],[14.5984728,121.0005638],[14.598133,121.000833],[14.5932586,121.0014992],[14.5928572,121.0015345],[14.5918723,120.999343],[14.5910035,120.9985937],[14.5906599,120.9982974]]
route, [[14.5979312,120.9917133],[14.5990543,120.9903574],[14.6002926,120.9909603],[14.6004354,120.9910488],[14.6006189,120.9912352],[14.6027964,120.9904027],[14.6029253,120.9908374],[14.6030353,120.9913035],[14.6033327,120.9931118],[14.6039027,120.9931455],[14.6043925,120.9936733],[14.6046413,120.9939414],[14.6048974,120.9942233],[14.6051393,120.9944957]]
