stop, 14.6666683, 121.0295054, #ff9900
stop, 14.6772081, 121.053121, #ff9900
stop, 14.6658782, 121.0455673, #ff9900
stop, 14.673728, 121.0510269, #ff9900
stop, 14.6631022, 121.0411325, #ff9900
stop, 14.6781973, 121.0480085, #ff9900
stop, 14.6669917, 121.0311204, #ff9900
stop, 14.6828251, 121.0478656, #ff9900
stop, 14.6788245, 121.0443766, #ff9900
stop, 14.6896732, 121.0430448, #ff9900
stop, 14.6714887, 121.0433355, #ff9900
stop, 14.6758874, 121.0475065, #ff9900
stop, 14.6771857, 121.0432174, #ff9900
stop, 14.6761434, 121.0389541, #ff9900
stop, 14.6846229, 121.0270684, #ff9900
stop, 14.6721657, 121.0459528, #ff9900
stop, 14.6670674, 121.0516481, #ff9900
stop, 14.6816428, 121.0424348, #ff9900
stop, 14.6736674, 121.0435915, #ff9900
stop, 14.678622, 121.0436783, #ff9900
stop, 14.66947, 121.0376276, #ff9900
stop, 14.6772232, 121.0466436, #ff9900
stop, 14.6719281, 121.0613843, #ff9900
stop, 14.6708513, 121.0496208, #ff9900
stop, 14.6745198, 121.0469098, #ff9900
stop, 14.6724745, 121.0454707, #ff9900
stop, 14.676735, 121.0388945, #ff9900
stop, 14.6802317, 121.0408988, #ff9900
stop, 14.6751146, 121.0390904, #ff9900
stop, 14.6692148, 121.0410772, #ff9900
stop, 14.66947, 121.0376276, #ff9900
stop, 14.6682506, 121.0481995, #ff9900
stop, 14.6621335, 121.0485883, #ff9900
stop, 14.6762035, 121.0291011, #ff9900
stop, 14.6689019, 121.0543495, #ff9900
stop, 14.6580726, 121.0526254, #ff9900
stop, 14.6695453, 121.0453129, #ff9900
stop, 14.6862654, 121.0374148, #ff9900
stop, 14.6729088, 121.0512803, #ff9900
stop, 14.6778646, 121.0411233, #ff9900
stop, 14.6662566, 121.0389064, #ff9900
stop, 14.6621335, 121.0485883, #ff9900
stop, 14.6760246, 121.0419188, #ff9900
stop, 14.6682506, 121.0481995, #ff9900
stop, 14.6825377, 121.0346146, #ff9900
stop, 14.6691007, 121.0518559, #ff9900
stop, 14.6650393, 121.0704045, #ff9900
stop, 14.6732765, 121.0418838, #ff9900
stop, 14.6587722, 121.044955, #ff9900
stop, 14.6837724, 121.043742, #ff9900
route, [[14.6772081,121.053121],[14.678336,121.0535049],[14.6787662,121.0534118],[14.6794767,121.0520075],[14.6789237,121.0513135],[14.6769477,121.0509332],[14.6766326,121.0509281],[14.67663,121.0502648],[14.6755365,121.049743],[14.6753291,121.0490135],[14.6752269,121.0488779],[14.6748066,121.0488681],[14.6742456,121.0489107],[14.6734642,121.0489357],[14.67341,121.0489897],[14.673018,121.0479051],[14.6728962,121.0479455],[14.6732993,121.0491],[14.6720669,121.0504312],[14.6715273,121.0510755],[14.6709231,121.0517673],[14.6695983,121.053261],[14.6691728,121.0539141],[14.6675328,121.0528138],[14.6651179,121.0535346],[14.6640498,121.0535506],[14.6636149,121.0536894],[14.663306,121.0533788],[14.6629537,121.0531677],[14.6620875,121.0534171],[14.6621335,121.0485883],[14.6580726,121.0526254]]
route, [[14.6631022,121.0411325],[14.6635609,121.041425],[14.6625348,121.042127],[14.6626469,121.0426542],[14.6627684,121.0431871],[14.6629373,121.0439614],[14.6629772,121.0441031],[14.6646022,121.0437116],[14.6667176,121.0432385],[14.6676249,121.0433121],[14.668632,121.0433776],[14.6718954,121.0434725],[14.6720374,121.0434817],[14.6723137,121.0434995],[14.6736674,121.0435915],[14.6760991,121.0437383],[14.6754187,121.0455447],[14.6745198,121.0469098],[14.6734642,121.0489357],[14.6742456,121.0489107],[14.6748066,121.0488681],[14.6752269,121.0488779],[14.6753291,121.0490135],[14.6755365,121.049743],[14.67663,121.0502648],[14.6766326,121.0509281],[14.6769477,121.0509332],[14.6789237,121.0513135],[14.6794767,121.0520075],[14.6787662,121.0534118],[14.678336,121.0535049],[14.6772081,121.053121]]
route, [[14.6781973,121.0480085],[14.6778587,121.0476095],[14.6769465,121.0471156],[14.6758874,121.0475065],[14.6764756,121.0468486],[14.6762705,121.046665],[14.6745198,121.0469098],[14.6734642,121.0489357],[14.6742456,121.0489107],[14.6748066,121.0488681],[14.6752269,121.0488779],[14.6753291,121.0490135],[14.6755365,121.049743],[14.67663,121.0502648],[14.6766326,121.0509281],[14.6769477,121.0509332],[14.6789237,121.0513135],[14.6794767,121.0520075],[14.6787662,121.0534118],[14.678336,121.0535049],[14.6772081,121.053121]]
route, [[14.6772081,121.053121],[14.678336,121.0535049],[14.6787662,121.0534118],[14.6794767,121.0520075],[14.6789237,121.0513135],[14.6769477,121.0509332],[14.6766326,121.0509281],[14.67663,121.0502648],[14.6755365,121.049743],[14.6753291,121.0490135],[14.6752269,121.0488779],[14.6748066,121.0488681],[14.6742456,121.0489107],[14.6734642,121.0489357],[14.6745198,121.0469098],[14.6762705,121.046665],[14.6766939,121.0463019],[14.6772327,121.0460998],[14.67893,121.04606],[14.6791171,121.0462147],[14.6804822,121.0466544],[14.681408,121.0473569],[14.6823705,121.0479989],[14.6828251,121.0478656]]
route, [[14.6758874,121.0475065],[14.6764756,121.0468486],[14.6762705,121.046665],[14.6745198,121.0469098],[14.6734642,121.0489357],[14.6742456,121.0489107],[14.6748066,121.0488681],[14.6752269,121.0488779],[14.6753291,121.0490135],[14.6755365,121.049743],[14.67663,121.0502648],[14.6766326,121.0509281],[14.6769477,121.0509332],[14.6789237,121.0513135],[14.6794767,121.0520075],[14.6787662,121.0534118],[14.678336,121.0535049],[14.6772081,121.053121]]
route, [[14.6772081,121.053121],[14.678336,121.0535049],[14.6787662,121.0534118],[14.6794767,121.0520075],[14.6789237,121.0513135],[14.6769477,121.0509332],[14.6766326,121.0509281],[14.67663,121.0502648],[14.6755365,121.049743],[14.6753291,121.0490135],[14.6752269,121.0488779],[14.6748066,121.0488681],[14.6742456,121.0489107],[14.6734642,121.0489357],[14.67341,121.0489897],[14.673018,121.0479051],[14.6728962,121.0479455],[14.6732993,121.0491],[14.6720669,121.0504312],[14.6715273,121.0510755],[14.6709231,121.0517673],[14.6695983,121.053261],[14.6691728,121.0539141],[14.6689019,121.0543495],[14.6682141,121.0555483],[14.6678717,121.0565323],[14.6667779,121.0611282],[14.6657248,121.0635199],[14.6652385,121.0660912],[14.6645447,121.0674243],[14.6639648,121.0681324],[14.6639776,121.0687338],[14.6650393,121.0704045]]
route, [[14.6719281,121.0613843],[14.6726828,121.0614799],[14.6728135,121.0614962],[14.6734184,121.0572388],[14.6737527,121.0552346],[14.6739071,121.0536087],[14.673728,121.0510269],[14.67341,121.0489897],[14.6734642,121.0489357],[14.6742456,121.0489107],[14.6748066,121.0488681],[14.6752269,121.0488779],[14.6753291,121.0490135],[14.6755365,121.049743],[14.67663,121.0502648],[14.6766326,121.0509281],[14.6769477,121.0509332],[14.6789237,121.0513135],[14.6794767,121.0520075],[14.6787662,121.0534118],[14.678336,121.0535049],[14.6772081,121.053121]]
route, [[14.6751146,121.0390904],[14.6761434,121.0389541],[14.676735,121.0388945],[14.6767629,121.0407816],[14.6766002,121.0415094],[14.6765293,121.041877],[14.6765033,121.0419977],[14.676371,121.0426112],[14.6763107,121.0428176],[14.6761366,121.0436009],[14.6760991,121.0437383],[14.6754187,121.0455447],[14.6745198,121.0469098],[14.6734642,121.0489357],[14.6742456,121.0489107],[14.6748066,121.0488681],[14.6752269,121.0488779],[14.6753291,121.0490135],[14.6755365,121.049743],[14.67663,121.0502648],[14.6766326,121.0509281],[14.6769477,121.0509332],[14.6789237,121.0513135],[14.6794767,121.0520075],[14.6787662,121.0534118],[14.678336,121.0535049],[14.6772081,121.053121]]
route, [[14.6658782,121.0455673],[14.6667176,121.0432385],[14.6676249,121.0433121],[14.668632,121.0433776],[14.6718954,121.0434725],[14.6720374,121.0434817],[14.6720022,121.0433466],[14.6718687,121.0433415],[14.6714887,121.0433355],[14.6690155,121.043284],[14.667114,121.0431444],[14.6645772,121.0436021],[14.6629373,121.0439614],[14.6617267,121.0442215],[14.6597139,121.0446438],[14.6597388,121.0448412],[14.6613901,121.0444572],[14.6615359,121.0444239],[14.6617293,121.0452727],[14.6621335,121.0485883]]
route, [[14.6658782,121.0455673],[14.6667176,121.0432385],[14.6676249,121.0433121],[14.668632,121.0433776],[14.6718954,121.0434725],[14.6720374,121.0434817],[14.6720022,121.0433466],[14.6718687,121.0433415],[14.6714887,121.0433355],[14.6690155,121.043284],[14.667114,121.0431444],[14.6645772,121.0436021],[14.6629373,121.0439614],[14.6617267,121.0442215],[14.6597139,121.0446438],[14.6597388,121.0448412],[14.6613901,121.0444572],[14.6615359,121.0444239],[14.6617293,121.0452727],[14.6621335,121.0485883],[14.6580726,121.0526254]]
route, [[14.6695453,121.0453129],[14.6693873,121.0452396],[14.6691495,121.0457421],[14.6681411,121.0456932],[14.6676249,121.0433121],[14.668632,121.0433776],[14.6718954,121.0434725],[14.6720374,121.0434817],[14.6720022,121.0433466],[14.6718687,121.0433415],[14.6714887,121.0433355],[14.6690155,121.043284],[14.667114,121.0431444],[14.6645772,121.0436021],[14.6646022,121.0437116],[14.6667176,121.0432385],[14.6658782,121.0455673]]
route, [[14.6658782,121.0455673],[14.6667176,121.0432385],[14.6676249,121.0433121],[14.668632,121.0433776],[14.6718954,121.0434725],[14.6720374,121.0434817],[14.6720022,121.0433466],[14.6718687,121.0433415],[14.6714887,121.0433355],[14.6690155,121.043284],[14.667114,121.0431444],[14.6675209,121.0407081],[14.6678509,121.0401081],[14.6685343,121.0403352],[14.6689076,121.0407425],[14.6692148,121.0410772]]
route, [[14.6669917,121.0311204],[14.6665341,121.0312484],[14.6659903,121.0314381],[14.6658383,121.0314724],[14.666359,121.032534],[14.6676439,121.0338027],[14.6678401,121.0339574],[14.6679622,121.0340724],[14.6681546,121.034256],[14.6690395,121.0352638],[14.6703367,121.037435],[14.6709002,121.0392713],[14.6709502,121.0394379],[14.6713741,121.0412001],[14.6718105,121.0430754],[14.6714887,121.0433355],[14.6690155,121.043284],[14.667114,121.0431444],[14.6645772,121.0436021],[14.6646022,121.0437116],[14.6667176,121.0432385],[14.6658782,121.0455673]]
route, [[14.6758874,121.0475065],[14.6764756,121.0468486],[14.6762705,121.046665],[14.6745198,121.0469098],[14.6734642,121.0489357],[14.67341,121.0489897],[14.673018,121.0479051],[14.6728962,121.0479455],[14.6732993,121.0491],[14.6735911,121.0510393]]
route, [[14.6735911,121.0510393],[14.6729088,121.0512803],[14.6724747,121.0516853],[14.671549,121.0527426],[14.6709231,121.0517673],[14.6695983,121.053261],[14.6690863,121.0528907],[14.6687297,121.0526589],[14.6691007,121.0518559]]
route, [[14.6631022,121.0411325],[14.6635609,121.041425],[14.6636502,121.040135],[14.6641326,121.0400194],[14.6638452,121.0386421],[14.6635368,121.0373426],[14.6640999,121.037247],[14.6639654,121.0365586],[14.6650795,121.0361436],[14.6662428,121.0355109],[14.6668233,121.035038],[14.6677741,121.0342346],[14.6679622,121.0340724],[14.6680644,121.0339749],[14.6679419,121.0338646],[14.6677602,121.033714],[14.6664675,121.0324463],[14.6659903,121.0314381],[14.6665341,121.0312484],[14.6669917,121.0311204]]
route, [[14.6662566,121.0389064],[14.6643714,121.0385079],[14.6638452,121.0386421],[14.6641326,121.0400194],[14.6636502,121.040135],[14.6635609,121.041425],[14.6631022,121.0411325]]
route, [[14.6631022,121.0411325],[14.6635609,121.041425],[14.6625348,121.042127],[14.6626469,121.0426542],[14.6627684,121.0431871],[14.6629373,121.0439614],[14.6617267,121.0442215],[14.6597139,121.0446438],[14.6587722,121.044955]]
route, [[14.6692148,121.0410772],[14.6689076,121.0407425],[14.6685343,121.0403352],[14.6678509,121.0401081],[14.6673112,121.0399021],[14.6665722,121.0393871],[14.6662566,121.0389064],[14.6643714,121.0385079],[14.6638452,121.0386421],[14.6633334,121.0387649],[14.6636502,121.040135],[14.6635609,121.041425],[14.6631022,121.0411325]]
route, [[14.6701343,121.0388292],[14.6702076,121.0390942],[14.6690976,121.0398885],[14.6685343,121.0403352],[14.6678509,121.0401081],[14.6673112,121.0399021],[14.6665722,121.0393871],[14.6662566,121.0389064],[14.6643714,121.0385079],[14.6638452,121.0386421],[14.6633334,121.0387649],[14.6636502,121.040135],[14.6635609,121.041425],[14.6631022,121.0411325]]
route, [[14.6828251,121.0478656],[14.6823705,121.0479989],[14.681408,121.0473569],[14.6804822,121.0466544],[14.6791171,121.0462147],[14.67893,121.04606],[14.6772327,121.0460998],[14.6772232,121.0466436],[14.6778587,121.0476095],[14.6781973,121.0480085]]
route, [[14.6669917,121.0311204],[14.6665341,121.0312484],[14.6664625,121.0307819],[14.6666228,121.030771],[14.6666778,121.0302824],[14.6666811,121.0299535],[14.6666683,121.0295054],[14.6674767,121.0290293],[14.6676219,121.0290069],[14.6686645,121.0281282],[14.668974,121.0267349],[14.6698972,121.0264103],[14.6704692,121.0262331],[14.6701996,121.0254396],[14.6711688,121.0252083],[14.671644,121.0251979],[14.6717986,121.0252202],[14.6730814,121.0254398],[14.674457,121.0260395],[14.6744223,121.0265772],[14.6745339,121.0269809],[14.6756687,121.0273588],[14.6760766,121.0286874],[14.6762035,121.0291011]]
route, [[14.6580726,121.0526254],[14.6621335,121.0485883],[14.6617293,121.0452727],[14.6615359,121.0444239],[14.6617603,121.0443766],[14.6629772,121.0441031],[14.6629373,121.0439614],[14.6627684,121.0431871],[14.6632763,121.0430085],[14.6637339,121.0427669],[14.6640053,121.0425431],[14.6652642,121.041494],[14.6646809,121.0398968],[14.6643714,121.0385079],[14.6640999,121.037247],[14.6639654,121.0365586],[14.6650795,121.0361436],[14.6662428,121.0355109],[14.6668233,121.035038],[14.6677741,121.0342346],[14.6679622,121.0340724],[14.6680644,121.0339749],[14.6679419,121.0338646],[14.6677602,121.033714],[14.6664675,121.0324463],[14.6659903,121.0314381],[14.6665341,121.0312484],[14.6669917,121.0311204]]
route, [[14.6650393,121.0704045],[14.6649672,121.0704996],[14.6644364,121.0715324],[14.6643843,121.0712259],[14.6642218,121.0706338],[14.6640207,121.0699142],[14.6639776,121.0687338],[14.6639648,121.0681324],[14.663897,121.06803],[14.6630625,121.0667837],[14.6618392,121.0649568],[14.661483,121.0644788],[14.6549468,121.0541552],[14.6580726,121.0526254],[14.6621335,121.0485883],[14.6617293,121.0452727],[14.6615359,121.0444239],[14.6617603,121.0443766],[14.6629772,121.0441031],[14.6629373,121.0439614],[14.6627684,121.0431871],[14.6632763,121.0430085],[14.6637339,121.0427669],[14.6640053,121.0425431],[14.6652642,121.041494],[14.6646809,121.0398968],[14.6643714,121.0385079],[14.6640999,121.037247],[14.6639654,121.0365586],[14.6650795,121.0361436],[14.6662428,121.0355109],[14.6668233,121.035038],[14.6677741,121.0342346],[14.6679622,121.0340724],[14.6680644,121.0339749],[14.6679419,121.0338646],[14.6677602,121.033714],[14.6664675,121.0324463],[14.6659903,121.0314381],[14.6665341,121.0312484],[14.6669917,121.0311204]]
route, [[14.6669917,121.0311204],[14.6665341,121.0312484],[14.6659903,121.0314381],[14.6658383,121.0314724],[14.666359,121.032534],[14.6676439,121.0338027],[14.6678401,121.0339574],[14.6679622,121.0340724],[14.6681546,121.034256],[14.6690395,121.0352638],[14.6703367,121.037435],[14.6709002,121.0392713],[14.6709502,121.0394379],[14.6703213,121.0395624],[14.6702076,121.0390942],[14.6690976,121.0398885],[14.6685343,121.0403352],[14.6678509,121.0401081],[14.66947,121.0376276]]
route, [[14.6816428,121.0424348],[14.6814029,121.0427392],[14.681339,121.0428084],[14.6809478,121.0430509],[14.6803341,121.0426662],[14.6803336,121.0437802],[14.6809453,121.0438392],[14.6812156,121.0437867],[14.6834538,121.0455318],[14.6830337,121.0458952],[14.6826927,121.0462787],[14.6804822,121.0466544],[14.681408,121.0473569],[14.6823705,121.0479989],[14.6828251,121.0478656]]
route, [[14.6828251,121.0478656],[14.6823705,121.0479989],[14.681408,121.0473569],[14.6804822,121.0466544],[14.6826927,121.0462787],[14.6830337,121.0458952],[14.6834538,121.0455318],[14.6812156,121.0437867],[14.6809453,121.0438392],[14.6803336,121.0437802],[14.6803341,121.0426662],[14.6765293,121.041877],[14.6765033,121.0419977],[14.676371,121.0426112],[14.6771857,121.0432174],[14.6782699,121.043504],[14.6791568,121.0428487],[14.6794435,121.0430895],[14.6798597,121.0435608],[14.6788245,121.0443766]]
route, [[14.6828251,121.0478656],[14.6823705,121.0479989],[14.681408,121.0473569],[14.6804822,121.0466544],[14.6826927,121.0462787],[14.683607,121.0465844],[14.6839245,121.0468486],[14.6845453,121.0464919],[14.686412,121.0465854],[14.6875105,121.0465884],[14.6883391,121.0470939],[14.6886878,121.047324],[14.6893015,121.0476302],[14.6904095,121.0473676],[14.6909689,121.047429],[14.6909767,121.0470788],[14.6910347,121.0456165],[14.6908957,121.0449457],[14.6906179,121.0440566],[14.6904773,121.0436489],[14.6896732,121.0430448]]
route, [[14.6828251,121.0478656],[14.6823705,121.0479989],[14.681408,121.0473569],[14.6804822,121.0466544],[14.6826927,121.0462787],[14.6830337,121.0458952],[14.6834538,121.0455318],[14.6849605,121.0441107],[14.6851768,121.043882],[14.6850817,121.0429248],[14.6842454,121.0426533],[14.6837724,121.043742]]
route, [[14.6788245,121.0443766],[14.6798597,121.0435608],[14.6794435,121.0430895],[14.6791568,121.0428487],[14.6782699,121.043504],[14.6771857,121.0432174],[14.676371,121.0426112],[14.6765033,121.0419977],[14.6765293,121.041877],[14.6803341,121.0426662],[14.6809478,121.0430509],[14.681339,121.0428084],[14.6814029,121.0427392],[14.6816428,121.0424348]]
route, [[14.6788245,121.0443766],[14.6798597,121.0435608],[14.6794435,121.0430895],[14.6791568,121.0428487],[14.6782699,121.043504],[14.6771857,121.0432174],[14.676371,121.0426112],[14.6765033,121.0419977],[14.6765293,121.041877],[14.6766002,121.0415094],[14.6767629,121.0407816],[14.6778646,121.0411233],[14.6784566,121.041095]]
route, [[14.6837724,121.043742],[14.6842454,121.0426533],[14.6850817,121.0429248],[14.6851768,121.043882],[14.6849605,121.0441107],[14.6834538,121.0455318],[14.6830337,121.0458952],[14.6826927,121.0462787],[14.683607,121.0465844],[14.6839245,121.0468486],[14.6845453,121.0464919],[14.686412,121.0465854],[14.6875105,121.0465884],[14.6883391,121.0470939],[14.6886878,121.047324],[14.6893015,121.0476302],[14.6904095,121.0473676],[14.6909689,121.047429],[14.6909767,121.0470788],[14.6910347,121.0456165],[14.6908957,121.0449457],[14.6906179,121.0440566],[14.6904773,121.0436489],[14.6896732,121.0430448]]
route, [[14.6896732,121.0430448],[14.689886,121.0426803],[14.6910648,121.043934],[14.6914665,121.0438087],[14.6913047,121.0430885],[14.6919341,121.0431071],[14.6931395,121.0421593],[14.6930531,121.0411381],[14.6924479,121.0382637],[14.6923805,121.037546],[14.6919818,121.0375612],[14.6909986,121.037627],[14.68962,121.037339],[14.6893187,121.0375839],[14.6875148,121.0371108],[14.6874338,121.0365869],[14.6862654,121.0374148]]
route, [[14.6896732,121.0430448],[14.689886,121.0426803],[14.6910648,121.043934],[14.6914665,121.0438087],[14.6913047,121.0430885],[14.6919341,121.0431071],[14.6931395,121.0421593],[14.6930531,121.0411381],[14.6924479,121.0382637],[14.6923805,121.037546],[14.6923586,121.0367955],[14.6921858,121.0358397],[14.6903365,121.0355111],[14.6896574,121.0337507],[14.6898131,121.0338419],[14.6899319,121.0334315],[14.6898329,121.0326961],[14.6893042,121.029396],[14.6895147,121.0290822],[14.6899472,121.0286195],[14.6905865,121.0279262],[14.6904015,121.0277727],[14.6894219,121.0289863],[14.6892279,121.0292612],[14.6887106,121.0285372],[14.6874383,121.0281065],[14.6874091,121.0276725],[14.6870003,121.0275659],[14.6865268,121.0272765],[14.6861598,121.026857],[14.6857766,121.0263102],[14.684694,121.0266358],[14.6846229,121.0270684]]
route, [[14.6837724,121.043742],[14.6842454,121.0426533],[14.6850817,121.0429248],[14.6851768,121.043882],[14.6849605,121.0441107],[14.6834538,121.0455318],[14.6812156,121.0437867],[14.6809453,121.0438392],[14.6803336,121.0437802],[14.6803341,121.0426662],[14.6765293,121.041877],[14.6765033,121.0419977],[14.676371,121.0426112],[14.6763107,121.0428176],[14.6761366,121.0436009],[14.6728664,121.0434093],[14.6723258,121.0433669],[14.6719674,121.0431638],[14.6715237,121.0411736],[14.6713741,121.0412001],[14.6708094,121.041388],[14.6709378,121.041933],[14.671139,121.0429491]]
route, [[14.676735,121.0388945],[14.6767629,121.0407816],[14.6766002,121.0415094],[14.6765293,121.041877],[14.6765033,121.0419977],[14.676371,121.0426112],[14.6763107,121.0428176],[14.6761366,121.0436009],[14.6728664,121.0434093],[14.6723258,121.0433669],[14.6719674,121.0431638],[14.6715237,121.0411736],[14.6713741,121.0412001],[14.6708094,121.041388],[14.6709378,121.041933],[14.671139,121.0429491]]
route, [[14.6682506,121.0481995],[14.6680909,121.0485418],[14.6692753,121.0488003],[14.6703705,121.048214],[14.670975,121.0478895],[14.671468,121.0493526],[14.6720669,121.0504312],[14.6732993,121.0491],[14.6735911,121.0510393],[14.673728,121.0510269],[14.67341,121.0489897],[14.673018,121.0479051],[14.6724745,121.0454707],[14.6721716,121.0441382],[14.6721127,121.0437862],[14.6720374,121.0434817],[14.6720022,121.0433466],[14.6719674,121.0431638],[14.6715237,121.0411736],[14.6713741,121.0412001],[14.6708094,121.041388],[14.6709378,121.041933],[14.671139,121.0429491]]
route, [[14.671139,121.0429491],[14.6709378,121.041933],[14.6708094,121.041388],[14.6713741,121.0412001],[14.6718105,121.0430754],[14.6718687,121.0433415],[14.6718954,121.0434725],[14.6720374,121.0434817],[14.6723137,121.0434995],[14.6736674,121.0435915],[14.6736807,121.0439028],[14.6747148,121.044053],[14.6747415,121.043932]]
route, [[14.671139,121.0429491],[14.6709378,121.041933],[14.6708094,121.041388],[14.670735,121.0411422],[14.6705835,121.0405546],[14.6704543,121.0400547],[14.6703213,121.0395624],[14.6702076,121.0390942],[14.6701343,121.0388292]]
route, [[14.6758874,121.0475065],[14.6764756,121.0468486],[14.6762705,121.046665],[14.6745198,121.0469098],[14.6734642,121.0489357],[14.67341,121.0489897],[14.673018,121.0479051],[14.6724745,121.0454707],[14.6731861,121.0450237],[14.6743138,121.044581],[14.6747148,121.044053],[14.6747415,121.043932]]
route, [[14.6721657,121.0459528],[14.6723734,121.0456407],[14.6728962,121.0479455],[14.6732993,121.0491],[14.6735911,121.0510393],[14.673728,121.0510269],[14.67341,121.0489897],[14.6734642,121.0489357],[14.6745198,121.0469098],[14.6762705,121.046665],[14.6764756,121.0468486],[14.6758874,121.0475065]]
route, [[14.6747415,121.043932],[14.6747148,121.044053],[14.6736807,121.0439028],[14.6736674,121.0435915],[14.6760991,121.0437383],[14.6761366,121.0436009],[14.6763107,121.0428176],[14.676371,121.0426112],[14.6771857,121.0432174]]
route, [[14.6771857,121.0432174],[14.676371,121.0426112],[14.6765033,121.0419977],[14.6765293,121.041877],[14.6766002,121.0415094],[14.6767629,121.0407816],[14.676735,121.0388945]]
route, [[14.6802317,121.0408988],[14.6798549,121.0409825],[14.679324,121.0410172],[14.6788626,121.0405003],[14.6787959,121.0401994],[14.6785533,121.0402955]]
route, [[14.6785533,121.0402955],[14.6787959,121.0401994],[14.6788626,121.0405003],[14.679324,121.0410172],[14.6791155,121.0417985],[14.6778646,121.0411233],[14.6767629,121.0407816],[14.6766002,121.0415094],[14.6765293,121.041877],[14.6765033,121.0419977],[14.676371,121.0426112],[14.6763107,121.0428176],[14.6745113,121.0424767],[14.6733802,121.0424194],[14.6732765,121.0418838],[14.6731781,121.0415618]]
route, [[14.6825377,121.0346146],[14.6831421,121.0339989],[14.6829818,121.0332675],[14.6835633,121.033332],[14.6843132,121.0329018],[14.6856014,121.0325472],[14.6851506,121.0319746],[14.6861215,121.0318387],[14.6866975,121.0316993],[14.6866491,121.0315252],[14.6851455,121.031767],[14.6845095,121.0310104],[14.6857095,121.0303004],[14.6861623,121.0297479],[14.6849401,121.0293846],[14.6850679,121.0286656],[14.6855156,121.0287926],[14.6855483,121.0285021],[14.6859307,121.0271751],[14.6852503,121.0271569],[14.6846229,121.0270684]]
route, [[14.6650393,121.0704045],[14.6649672,121.0704996],[14.6644364,121.0715324],[14.6643843,121.0712259],[14.6642218,121.0706338],[14.6640207,121.0699142],[14.6639776,121.0687338],[14.6639648,121.0681324],[14.663897,121.06803],[14.6630625,121.0667837],[14.6618392,121.0649568],[14.661483,121.0644788],[14.6549468,121.0541552],[14.6580726,121.0526254],[14.6621335,121.0485883],[14.6617293,121.0452727],[14.6615359,121.0444239],[14.6617603,121.0443766],[14.6639931,121.0445151],[14.6646022,121.0437116],[14.6667176,121.0432385],[14.6676249,121.0433121],[14.668632,121.0433776],[14.6718954,121.0434725],[14.6720374,121.0434817],[14.6720022,121.0433466],[14.6719674,121.0431638],[14.6715237,121.0411736],[14.6710531,121.0392323],[14.6704807,121.0373583],[14.6691815,121.0351957],[14.6697468,121.0348474],[14.6706373,121.034013],[14.6704835,121.033579],[14.6702527,121.033041],[14.6700973,121.0326286],[14.6702923,121.032569],[14.6715856,121.0323535],[14.6734363,121.0323067],[14.6748545,121.0322601],[14.6770276,121.0321862],[14.6776031,121.0321786],[14.6793288,121.0321396],[14.6795995,121.0321324],[14.6798967,121.0321264],[14.6814641,121.0321326],[14.6819244,121.0321156],[14.6830774,121.0320879],[14.6851506,121.0319746],[14.6861215,121.0318387],[14.6866975,121.0316993],[14.6866491,121.0315252],[14.6851455,121.031767],[14.6845095,121.0310104],[14.6857095,121.0303004],[14.6861623,121.0297479],[14.6849401,121.0293846],[14.6850679,121.0286656],[14.6855156,121.0287926],[14.6855483,121.0285021],[14.6859307,121.0271751],[14.6852503,121.0271569],[14.6846229,121.0270684]]
route, [[14.6762035,121.0291011],[14.67647,121.029045],[14.6780991,121.029718],[14.6782279,121.0294193],[14.6786049,121.0278738],[14.6786549,121.0274496],[14.6788481,121.0258184],[14.6788864,121.025637],[14.6789536,121.0252996],[14.6794498,121.0234748],[14.6795055,121.022888],[14.6795655,121.0224068],[14.6798339,121.0203879],[14.6798829,121.0200724],[14.6800821,121.0188837],[14.6812624,121.0198645],[14.682476,121.0208797],[14.6825438,121.0209364],[14.6841655,121.0223211],[14.6845024,121.022661],[14.6846932,121.0229487],[14.6851776,121.0236757],[14.6846664,121.0241122],[14.6857762,121.0260243],[14.6857766,121.0263102],[14.684694,121.0266358],[14.6846229,121.0270684]]
route, [[14.6621335,121.0485883],[14.6620875,121.0534171],[14.6620473,121.054867],[14.6635505,121.0548092],[14.6636149,121.0536894],[14.6640498,121.0535506],[14.6651179,121.0535346],[14.6675328,121.0528138],[14.6673288,121.05282],[14.6670674,121.0516481]]
route, [[14.6670674,121.0516481],[14.6673288,121.05282],[14.6675328,121.0528138],[14.6691728,121.0539141],[14.6689019,121.0543495]]
route, [[14.6682506,121.0481995],[14.6680909,121.0485418],[14.6677659,121.0484241],[14.6676088,121.0491532],[14.6694888,121.0502979],[14.6715273,121.0510755],[14.6709231,121.0517673],[14.6695983,121.053261],[14.6691728,121.0539141],[14.6675328,121.0528138],[14.6673288,121.05282],[14.6670674,121.0516481]]
route, [[14.676735,121.0388945],[14.6767629,121.0407816],[14.6766002,121.0415094],[14.6765293,121.041877],[14.6803341,121.0426662],[14.6809478,121.0430509],[14.681339,121.0428084],[14.6814029,121.0427392],[14.6816428,121.0424348]]
route, [[14.6772232,121.0466436],[14.6772327,121.0460998],[14.6766939,121.0463019],[14.6762705,121.046665],[14.6745198,121.0469098],[14.6734642,121.0489357],[14.67341,121.0489897],[14.673018,121.0479051],[14.6724745,121.0454707],[14.6731861,121.0450237],[14.6743138,121.044581],[14.6747148,121.044053],[14.6747415,121.043932]]
route, [[14.6745198,121.0469098],[14.6734642,121.0489357],[14.67341,121.0489897],[14.673018,121.0479051],[14.6724745,121.0454707],[14.6731861,121.0450237],[14.6743138,121.044581],[14.6747148,121.044053],[14.6747415,121.043932]]
route, [[14.6747415,121.043932],[14.6747148,121.044053],[14.6743138,121.044581],[14.6731861,121.0450237],[14.6724745,121.0454707],[14.6723734,121.0456407],[14.6721657,121.0459528]]
route, [[14.6760246,121.0419188],[14.6765033,121.0419977],[14.676371,121.0426112],[14.6771857,121.0432174],[14.6782699,121.043504],[14.678622,121.0436783]]
route, [[14.678622,121.0436783],[14.6782699,121.043504],[14.6771857,121.0432174],[14.676371,121.0426112],[14.6763107,121.0428176],[14.6761366,121.0436009],[14.6760991,121.0437383],[14.6754187,121.0455447],[14.6745198,121.0469098],[14.6762705,121.046665],[14.6766939,121.0463019],[14.6772327,121.0460998],[14.6772232,121.0466436]]
route, [[14.66947,121.0376276],[14.6678509,121.0401081],[14.6685343,121.0403352],[14.6689076,121.0407425],[14.6692148,121.0410772]]
route, [[14.6772232,121.0466436],[14.6772327,121.0460998],[14.6766939,121.0463019],[14.6762705,121.046665],[14.6745198,121.0469098],[14.6734642,121.0489357],[14.67341,121.0489897],[14.673018,121.0479051],[14.6724745,121.0454707],[14.6723734,121.0456407],[14.6721657,121.0459528]]
route, [[14.6689019,121.0543495],[14.6691728,121.0539141],[14.6695983,121.053261],[14.6709231,121.0517673],[14.671549,121.0527426],[14.6714435,121.0537676],[14.6721159,121.0537477],[14.6728485,121.0537259],[14.6737688,121.0537191],[14.6736078,121.0552128],[14.6732903,121.0572073],[14.6726828,121.0614799],[14.6719281,121.0613843]]
route, [[14.6580726,121.0526254],[14.6621335,121.0485883],[14.6620875,121.0534171],[14.6629537,121.0531677],[14.663306,121.0533788],[14.6636149,121.0536894],[14.6640498,121.0535506],[14.6651179,121.0535346],[14.6675328,121.0528138],[14.6691728,121.0539141],[14.6695983,121.053261],[14.6709231,121.0517673],[14.671549,121.0527426],[14.6714435,121.0537676],[14.6721159,121.0537477],[14.6728485,121.0537259],[14.6737688,121.0537191],[14.6736078,121.0552128],[14.6732903,121.0572073],[14.6726828,121.0614799],[14.6719281,121.0613843]]
route, [[14.6719281,121.0613843],[14.6726828,121.0614799],[14.6719461,121.0663705],[14.6715573,121.0685191],[14.6708857,121.0685223],[14.6707318,121.068524],[14.6702544,121.0685295],[14.6699119,121.0685333],[14.6691205,121.0685423],[14.6689802,121.0685425],[14.6682056,121.0686909],[14.6654839,121.0699945],[14.6652706,121.0701057],[14.6642259,121.068527],[14.6639776,121.0687338],[14.6650393,121.0704045]]
route, [[14.6721657,121.0459528],[14.6723734,121.0456407],[14.6728962,121.0479455],[14.6732993,121.0491],[14.6720669,121.0504312],[14.671468,121.0493526],[14.6708513,121.0496208]]
route, [[14.6708513,121.0496208],[14.6703705,121.048214],[14.6692753,121.0488003],[14.6680909,121.0485418],[14.6682506,121.0481995]]
route, [[14.6682506,121.0481995],[14.6680909,121.0485418],[14.6692753,121.0488003],[14.6703705,121.048214],[14.6708513,121.0496208]]
route, [[14.6729088,121.0512803],[14.6735911,121.0510393],[14.673728,121.0510269],[14.67341,121.0489897],[14.6734642,121.0489357],[14.6745198,121.0469098]]
route, [[14.6729088,121.0512803],[14.6735911,121.0510393],[14.673728,121.0510269],[14.67341,121.0489897],[14.673018,121.0479051],[14.6724745,121.0454707],[14.6723734,121.0456407],[14.6721657,121.0459528]]
route, [[14.676735,121.0388945],[14.6767629,121.0407816],[14.6766002,121.0415094],[14.6765293,121.041877],[14.6765033,121.0419977],[14.6760246,121.0419188]]
route, [[14.6825377,121.0346146],[14.68213,121.0350377],[14.6815249,121.0349374],[14.6811453,121.0349321],[14.680487,121.0347188],[14.6804388,121.0362916],[14.6805927,121.0372404],[14.680359,121.037605],[14.6801159,121.0379843],[14.6797023,121.0377676],[14.6786975,121.0381521],[14.676735,121.0388945]]
route, [[14.6701343,121.0388292],[14.6702076,121.0390942],[14.6703213,121.0395624],[14.6709502,121.0394379],[14.6713741,121.0412001],[14.6715237,121.0411736],[14.6710531,121.0392323],[14.6704807,121.0373583],[14.6711764,121.0370781],[14.6717121,121.0368502],[14.6723082,121.0366065],[14.6726891,121.0376094],[14.6736738,121.0373309],[14.6736343,121.0378535],[14.6734928,121.0385109],[14.6741133,121.0392113],[14.6744606,121.039218],[14.6751146,121.0390904]]
route, [[14.6784566,121.041095],[14.6778646,121.0411233],[14.6767629,121.0407816],[14.676735,121.0388945],[14.6761434,121.0389541],[14.6751146,121.0390904]]
route, [[14.6692148,121.0410772],[14.6689076,121.0407425],[14.6685343,121.0403352],[14.6678509,121.0401081],[14.6673112,121.0399021],[14.6665722,121.0393871],[14.6662566,121.0389064]]
route, [[14.6731781,121.0415618],[14.6727124,121.0414169],[14.671992,121.0410731],[14.6715237,121.0411736],[14.6710531,121.0392323],[14.6709002,121.0392713],[14.6709502,121.0394379],[14.6703213,121.0395624],[14.6693227,121.0401932],[14.6689076,121.0407425],[14.6692148,121.0410772]]
route, [[14.6639247,121.0499773],[14.6642747,121.0497681],[14.664872,121.0501103],[14.664872,121.0507323],[14.6653914,121.0519912],[14.6652118,121.0521911],[14.6650515,121.0532191],[14.6640498,121.0535506],[14.6636149,121.0536894],[14.6635505,121.0548092],[14.6620473,121.054867],[14.6620875,121.0534171],[14.6621335,121.0485883],[14.6580726,121.0526254]]
route, [[14.6682506,121.0481995],[14.6680909,121.0485418],[14.6677659,121.0484241],[14.6667837,121.0474786],[14.6657165,121.0470498],[14.6651671,121.0470321],[14.6651271,121.0477967],[14.664617,121.0478487],[14.664175,121.0478547],[14.6641711,121.0491119],[14.6642289,121.049601],[14.6642747,121.0497681],[14.6639247,121.0499773]]
route, [[14.6762035,121.0291011],[14.67647,121.029045],[14.6780991,121.029718],[14.6778717,121.0302309],[14.6777115,121.0306425],[14.6770897,121.0320347],[14.6762214,121.0320621],[14.6748526,121.0321056],[14.6748545,121.0322601],[14.6770276,121.0321862],[14.6776031,121.0321786],[14.6793288,121.0321396],[14.6795995,121.0321324],[14.6798967,121.0321264],[14.6814641,121.0321326],[14.6819244,121.0321156],[14.6822395,121.0327183],[14.6829818,121.0332675],[14.6831421,121.0339989],[14.6825377,121.0346146]]
route, [[14.6689019,121.0543495],[14.6691728,121.0539141],[14.6695983,121.053261],[14.6709231,121.0517673],[14.671549,121.0527426],[14.6724747,121.0516853],[14.6729088,121.0512803]]
route, [[14.6621335,121.0485883],[14.6580726,121.0526254]]
route, [[14.6580726,121.0526254],[14.6621335,121.0485883],[14.6620875,121.0534171],[14.6620473,121.054867],[14.6619676,121.0589748],[14.6619475,121.0597651],[14.6618392,121.0649568],[14.661483,121.0644788],[14.6592615,121.0610466],[14.6590517,121.061213],[14.6611237,121.0642904],[14.6614384,121.0647485],[14.6636539,121.0682243],[14.6639776,121.0687338],[14.6650393,121.0704045]]
route, [[14.6580726,121.0526254],[14.6621335,121.0485883],[14.6617293,121.0452727],[14.6615359,121.0444239],[14.6617603,121.0443766],[14.6617267,121.0442215],[14.6597139,121.0446438],[14.6587722,121.044955]]
route, [[14.6862654,121.0374148],[14.6854082,121.0372396],[14.6848914,121.0372261],[14.6849026,121.0361549],[14.6843502,121.0362776],[14.6840772,121.0349196],[14.6829853,121.0353648],[14.6825377,121.0346146]]
route, [[14.6587722,121.044955],[14.6575576,121.0453727],[14.6576375,121.045524],[14.6597388,121.0448412],[14.6613901,121.0444572],[14.6615359,121.0444239],[14.6617293,121.0452727],[14.6621335,121.0485883]]
route, [[14.6691007,121.0518559],[14.6687297,121.0526589],[14.6690863,121.0528907],[14.6695055,121.0510003],[14.6694888,121.0502979],[14.6676088,121.0491532],[14.6677659,121.0484241],[14.6680909,121.0485418],[14.6682506,121.0481995]]
